0	15
0	320
0	129
0	25
0	96
0	99
0	23
0	58
1	151
1	458
1	80
1	36
1	58
1	103
1	117
1	669
2	170
2	3
2	33
2	50
2	339
2	189
2	160
2	42
2	135
2	103
2	474
2	104
2	273
2	240
2	362
2	239
2	371
2	77
2	594
2	22
2	333
2	949
2	11
2	20
2	57
3	33
3	430
3	50
3	14
3	189
3	160
3	172
3	144
3	92
3	66
3	446
3	710
3	706
3	39
3	46
3	36
3	594
3	516
3	170
3	395
4	119
4	147
4	10
4	148
4	25
4	383
4	635
4	227
4	402
4	772
4	472
4	587
4	589
4	823
5	30
5	171
5	212
5	294
5	173
5	118
5	372
5	211
5	288
5	963
6	316
6	27
6	37
6	638
6	86
6	19
6	254
6	422
6	804
6	23
6	381
6	51
6	59
6	229
6	912
7	277
7	111
7	59
7	191
7	159
7	167
7	269
7	994
7	699
7	612
7	485
8	149
8	325
8	25
8	40
8	438
8	301
8	195
9	69
9	150
9	86
9	981
9	354
9	353
9	764
9	145
9	996
9	802
9	224
9	43
9	312
9	689
9	765
9	997
10	21
10	17
10	119
10	147
10	85
10	12
10	619
10	225
10	383
10	64
10	216
10	178
10	24
10	159
10	58
10	252
10	152
10	179
10	82
10	327
10	86
10	81
10	772
10	852
10	944
10	219
11	87
11	88
11	22
11	92
11	135
11	34
11	121
11	370
11	79
11	729
11	105
11	20
11	77
11	99
11	133
11	878
11	402
11	107
11	362
11	170
11	247
12	85
12	17
12	14
12	93
12	771
12	116
12	92
12	416
13	108
13	41
13	322
13	499
13	300
13	426
13	208
13	251
13	277
13	194
13	655
13	656
14	105
14	67
14	22
14	126
14	57
14	559
14	77
14	218
14	34
14	230
14	273
14	318
14	42
14	172
14	51
14	92
14	240
14	476
14	204
14	430
14	38
14	191
14	777
14	184
14	46
15	129
15	18
15	112
15	320
15	96
15	737
15	805
15	834
15	847
15	668
15	621
15	58
16	62
16	242
16	715
16	77
16	238
16	140
16	356
16	218
16	516
16	23
16	387
16	752
16	253
16	199
16	113
16	559
16	952
16	181
16	966
16	602
17	85
17	942
17	307
17	21
17	349
17	256
17	49
17	116
17	219
17	941
18	112
18	494
18	790
18	31
18	621
18	429
18	129
18	55
18	580
18	553
18	460
18	577
19	421
19	85
19	567
19	60
19	475
19	36
19	246
19	766
19	53
19	49
19	91
19	35
19	118
19	373
19	836
19	44
19	978
19	366
19	890
19	244
20	60
20	105
20	88
20	77
20	218
20	121
20	133
20	34
20	181
20	777
20	664
20	247
20	339
20	42
21	43
21	123
21	40
21	50
21	88
21	504
21	118
21	152
21	94
21	60
22	133
22	500
22	274
22	92
22	493
22	375
22	472
22	77
22	55
22	739
22	34
22	716
22	390
22	80
23	47
23	45
23	962
23	140
23	145
23	123
23	478
23	73
23	593
23	984
23	30
23	465
23	88
24	63
24	127
24	178
24	66
24	152
24	73
24	220
24	691
24	943
24	308
24	316
25	149
25	412
25	60
25	35
25	268
25	115
25	165
25	43
25	647
25	442
26	463
26	65
26	133
26	121
26	707
27	393
27	389
27	190
27	270
27	394
27	712
27	331
27	685
27	723
27	272
27	726
27	497
27	311
27	36
28	191
28	622
28	267
28	58
28	437
28	211
28	45
28	48
29	32
29	413
29	167
29	65
29	70
29	455
29	37
29	556
30	169
30	107
30	109
30	236
30	133
30	120
30	772
30	892
30	529
31	74
31	364
31	32
31	733
31	918
31	301
31	134
31	50
31	116
31	285
31	603
31	731
31	72
32	58
32	96
32	161
32	103
32	285
32	603
32	731
32	72
33	239
33	160
33	189
33	195
33	135
33	77
33	320
33	67
33	430
33	729
33	977
34	181
34	121
34	133
34	88
34	664
34	79
34	370
34	402
34	92
34	576
34	77
35	91
35	40
35	205
35	65
35	83
35	386
35	498
35	651
35	670
35	921
36	616
36	52
36	246
36	55
36	426
36	844
36	183
36	103
36	43
36	642
36	330
36	499
36	723
36	394
37	638
37	703
37	138
37	697
37	940
38	207
38	335
38	144
38	519
38	488
38	648
38	140
38	769
38	727
38	287
38	495
38	150
38	398
38	983
38	201
38	728
38	197
38	470
38	592
39	244
39	263
39	88
39	84
39	146
39	706
39	710
39	168
39	774
39	779
39	620
39	845
39	844
39	147
39	446
40	204
40	163
40	91
40	555
40	837
40	651
40	671
40	65
41	110
41	77
41	188
41	108
41	46
41	79
41	100
41	120
41	314
41	307
41	938
41	939
41	414
41	211
41	696
41	289
41	884
42	318
42	172
42	214
42	401
42	116
42	303
42	477
42	220
42	125
42	54
42	713
42	105
43	167
43	204
43	719
43	805
43	298
43	65
43	56
43	45
44	382
44	191
44	76
45	110
45	124
45	91
45	314
45	103
46	133
46	339
46	77
46	361
46	92
46	104
46	474
46	49
46	559
47	279
47	693
47	154
48	195
48	365
48	833
49	294
49	245
49	173
49	166
50	339
50	436
50	127
50	210
50	247
50	56
50	70
50	736
50	606
50	100
50	65
50	571
51	62
51	700
51	75
51	274
51	79
51	255
51	162
51	67
51	77
51	144
51	102
51	734
52	391
52	888
52	787
52	616
52	526
52	514
52	448
52	792
52	338
52	844
52	887
52	413
53	259
53	402
53	676
53	257
53	652
53	978
53	337
53	106
54	508
54	77
54	58
54	170
54	318
54	388
55	425
55	109
55	59
55	112
55	66
55	191
55	138
55	125
55	493
55	292
55	438
56	428
56	268
56	212
56	883
56	233
56	125
56	64
56	491
56	650
56	102
57	126
57	559
57	476
57	67
57	744
58	84
58	100
58	211
58	162
58	283
58	151
58	178
58	337
58	106
58	831
58	851
58	686
58	826
58	441
58	521
59	725
59	361
59	585
59	277
59	457
59	987
59	811
60	84
60	68
60	176
60	937
60	278
60	76
60	936
60	778
60	79
60	94
61	326
61	223
61	65
61	680
61	577
61	198
61	463
61	276
61	510
61	677
62	356
62	79
62	80
62	700
62	107
62	177
62	75
62	274
62	715
62	398
62	570
62	339
62	734
62	207
62	88
62	484
63	190
63	551
63	73
63	876
63	807
64	96
64	124
64	70
64	417
64	718
64	483
65	91
65	598
65	265
65	671
65	223
65	510
65	249
66	333
66	182
66	73
66	74
66	337
66	735
66	879
66	82
66	194
66	428
66	233
66	198
66	527
67	240
67	92
67	144
67	77
67	162
67	608
67	320
67	500
67	975
67	519
67	140
67	230
68	93
68	236
68	900
68	560
68	680
68	678
69	150
69	802
69	145
69	312
69	354
70	206
70	674
70	264
70	192
70	813
70	459
70	530
70	233
71	510
71	780
71	193
71	816
71	636
71	162
71	358
71	222
72	603
72	285
72	468
72	385
72	467
72	607
72	196
72	737
72	924
72	731
73	84
73	220
73	82
73	663
73	316
73	922
73	925
74	374
74	364
74	628
74	365
74	210
75	618
75	470
75	495
75	79
75	702
75	266
75	396
75	356
75	419
75	181
75	875
75	123
75	878
75	609
75	493
76	191
77	218
77	110
77	105
77	144
77	99
77	878
77	180
77	454
78	355
78	97
78	443
78	113
78	257
78	114
78	675
78	810
78	848
79	80
79	540
79	392
79	307
79	851
79	521
79	360
79	410
79	826
79	822
79	441
79	959
79	508
79	517
79	107
80	558
80	339
80	177
80	188
80	518
81	198
81	86
81	980
81	101
81	132
82	157
82	647
82	138
82	179
82	705
82	879
82	297
82	598
82	403
83	89
83	404
83	946
83	148
83	281
83	960
83	534
83	540
84	687
84	202
84	684
85	421
85	475
85	122
85	359
85	942
85	941
86	980
86	978
86	981
87	286
87	88
87	230
87	363
87	205
87	142
87	849
87	462
87	500
88	287
88	107
88	140
88	135
88	181
88	664
88	503
88	576
89	409
89	855
89	332
90	505
90	189
90	341
90	406
90	102
90	241
90	801
90	502
91	205
91	555
91	921
91	671
92	500
92	274
92	104
92	474
92	416
92	375
93	236
93	900
93	560
93	231
93	678
94	368
95	203
95	743
95	123
95	373
95	763
95	103
95	524
95	528
95	319
95	503
95	295
95	367
96	164
96	784
96	884
97	102
97	143
97	362
97	225
97	530
97	141
98	202
98	302
98	336
99	208
99	600
99	825
99	482
100	110
100	606
100	736
100	654
100	557
100	232
100	998
100	999
101	151
101	132
102	147
102	341
102	212
102	491
102	650
102	267
103	253
103	197
103	743
103	203
103	337
103	106
103	835
103	275
103	588
103	287
103	503
103	736
103	606
104	164
104	135
104	123
104	224
105	249
105	218
105	714
106	337
106	735
107	715
107	140
107	742
107	745
107	121
108	322
108	793
108	300
108	489
108	277
109	441
109	521
109	822
109	835
109	827
109	635
110	162
110	188
110	999
110	654
111	277
111	459
111	808
111	137
111	185
111	365
111	343
112	494
112	790
112	621
112	429
112	577
113	257
113	535
113	244
113	265
113	268
113	591
113	818
113	720
114	261
114	332
114	453
114	643
114	629
115	304
115	757
115	143
115	538
115	969
115	167
116	310
116	303
116	477
116	328
116	698
116	214
117	539
118	334
118	658
118	264
118	770
119	147
119	327
119	772
119	852
120	210
120	155
120	892
121	133
121	181
121	208
121	362
121	707
121	992
121	253
121	247
122	156
122	444
122	283
122	724
122	373
123	220
123	618
123	878
124	597
124	665
125	447
125	574
125	324
125	303
125	401
126	140
126	230
126	476
126	704
126	243
126	454
126	777
127	352
127	195
127	184
127	230
127	905
127	240
128	384
128	228
128	928
129	320
129	737
129	805
129	834
129	847
129	668
129	621
130	143
130	447
130	537
130	536
130	217
130	135
131	136
131	798
131	776
133	339
133	707
133	362
133	992
133	253
133	335
134	226
135	474
135	729
135	239
135	594
136	798
136	407
137	808
137	515
137	637
137	638
138	157
138	374
138	179
138	772
138	552
139	188
139	365
140	202
140	387
140	777
140	197
140	287
141	244
141	755
141	756
142	363
142	205
143	501
143	447
143	662
143	281
143	148
143	537
143	732
143	433
143	399
143	536
144	238
144	335
144	218
144	531
144	273
144	148
144	430
145	764
145	996
145	329
145	765
145	997
145	984
145	689
146	360
146	667
146	840
146	721
147	148
147	286
147	461
147	546
147	263
147	828
148	281
148	946
149	168
149	195
150	354
150	519
150	685
151	549
152	213
152	943
152	178
152	186
152	165
152	177
152	691
153	871
153	234
154	541
154	573
154	411
155	171
155	187
156	451
156	209
156	373
157	412
157	276
157	369
157	176
157	873
157	879
157	973
158	243
158	832
158	833
159	191
159	228
159	584
160	800
160	189
160	474
161	522
161	201
161	907
162	608
162	976
162	402
162	975
163	168
163	880
163	569
163	284
164	305
164	639
164	355
164	838
165	416
165	789
165	186
166	192
166	199
166	294
167	269
167	994
167	699
167	599
168	572
168	294
168	373
168	634
168	954
169	557
169	279
170	247
170	339
170	395
171	187
171	904
171	685
172	315
172	424
172	318
172	486
172	692
172	767
172	841
172	214
173	770
174	286
174	505
174	917
175	296
175	480
175	719
175	255
176	369
176	873
176	262
176	773
176	783
177	338
177	384
177	463
177	955
177	265
178	943
178	292
178	944
179	297
179	598
180	238
180	708
180	874
180	199
180	871
181	664
181	702
181	576
181	242
182	414
182	278
182	971
182	759
183	799
183	644
183	548
184	328
184	231
184	260
184	195
184	208
184	974
184	230
185	473
185	800
186	283
187	336
187	227
187	904
188	846
188	763
189	341
189	802
189	555
189	474
190	363
190	217
190	595
190	256
191	622
191	269
191	972
191	591
192	843
192	491
192	259
193	492
193	972
193	479
194	840
194	842
194	839
195	239
195	739
195	905
196	467
196	605
197	253
197	454
197	588
198	601
198	276
199	238
199	750
199	747
199	752
199	748
200	821
200	327
201	398
201	907
201	519
202	433
202	234
202	506
203	743
203	763
203	524
204	430
204	687
204	559
205	363
205	843
206	674
206	379
206	525
206	916
206	233
207	287
207	700
207	470
208	600
208	825
208	974
209	451
210	365
210	364
210	682
210	911
211	372
211	314
211	696
212	259
212	491
212	650
212	300
213	334
213	578
213	336
213	649
213	794
213	927
213	494
214	401
214	303
214	713
215	795
215	640
215	742
215	309
216	619
216	641
217	595
218	295
218	345
218	238
218	454
220	376
220	313
220	303
220	318
220	713
221	627
221	271
221	513
221	653
222	301
222	816
222	636
223	326
223	906
223	625
223	903
223	626
223	510
224	448
225	566
225	619
225	530
225	659
226	436
227	415
227	350
227	950
227	544
228	928
229	435
229	813
229	812
229	912
230	240
231	450
231	708
232	995
232	998
233	428
233	883
233	882
235	304
235	481
236	951
236	440
237	397
237	989
237	304
237	986
238	242
238	761
238	520
239	712
239	729
240	320
241	646
241	406
241	341
242	356
242	516
242	387
242	952
243	538
243	832
244	755
244	756
244	535
244	624
244	890
245	343
245	880
245	452
246	370
246	881
246	612
246	492
247	339
248	321
248	342
249	320
250	533
250	280
250	754
250	891
251	426
251	501
251	632
251	459
251	661
251	660
252	404
252	575
252	953
253	398
253	387
253	287
253	454
253	362
253	992
254	422
254	256
254	857
254	909
254	652
254	683
254	597
254	915
254	865
254	853
255	576
255	297
255	296
256	302
256	331
257	675
257	676
257	686
257	445
257	810
257	848
257	443
258	663
258	439
258	272
259	305
260	863
260	866
260	330
260	290
261	332
261	453
261	643
262	354
262	286
262	617
262	348
263	380
263	774
263	779
263	706
263	710
264	553
264	658
264	770
264	657
265	630
265	591
265	818
265	720
265	535
265	955
265	463
265	384
266	629
266	396
266	854
267	340
268	302
268	684
269	699
269	599
269	994
269	993
270	394
270	272
270	389
270	726
270	723
271	400
271	547
271	321
271	543
271	899
271	627
271	513
271	902
271	741
271	746
271	653
272	497
273	333
273	949
273	430
274	500
274	325
274	390
274	356
275	835
275	405
276	973
277	612
278	414
278	937
278	936
278	778
280	533
280	891
280	459
281	347
281	758
281	507
281	946
282	382
282	432
282	374
282	877
283	462
284	422
285	385
285	468
285	607
285	467
285	924
285	603
285	731
286	896
286	895
286	738
286	461
286	897
286	898
287	495
287	648
287	588
287	503
288	511
289	792
290	573
290	330
290	781
291	982
291	985
291	398
292	493
293	458
293	717
293	948
294	572
294	373
294	634
294	954
294	957
294	504
295	345
295	503
295	367
296	297
298	805
299	554
299	432
300	489
300	550
300	322
302	556
303	477
303	318
303	401
304	323
305	639
306	584
306	697
306	703
307	549
307	991
308	605
309	407
310	505
310	666
310	672
310	604
311	490
311	393
312	346
312	464
313	571
313	732
314	938
314	939
314	414
314	696
315	424
315	486
315	692
315	767
315	841
317	324
317	502
317	850
317	552
318	477
318	713
319	528
321	543
321	400
322	550
323	583
323	988
324	574
324	850
324	552
324	582
325	418
325	390
325	762
325	701
326	680
326	677
328	719
328	698
329	905
329	469
329	630
330	642
331	357
331	508
332	409
332	453
332	643
333	664
333	761
333	531
333	949
334	578
334	336
334	649
335	519
335	995
335	622
335	362
336	649
336	930
336	581
337	735
338	391
338	787
338	514
338	887
339	734
340	568
341	406
341	502
342	757
343	817
343	819
343	863
343	862
344	348
344	926
345	386
345	821
345	788
346	549
346	464
347	758
347	507
347	427
347	609
347	526
348	617
349	730
349	536
349	673
350	415
350	923
350	910
350	364
350	490
351	745
351	742
352	593
352	517
353	456
353	457
353	868
353	867
353	870
353	785
354	434
355	838
356	419
356	702
356	387
357	586
357	437
358	780
359	421
360	851
360	521
360	410
360	826
360	822
360	441
361	940
361	585
362	992
362	388
362	820
362	370
362	596
362	791
363	849
364	365
364	910
366	859
366	568
366	645
367	485
367	503
368	418
368	404
369	873
369	879
370	881
370	791
370	596
371	751
371	709
372	963
373	572
374	449
375	493
375	716
376	486
377	483
377	479
377	759
377	487
378	614
378	775
378	646
379	913
379	674
379	525
379	916
380	656
380	860
381	804
381	803
382	478
383	587
383	589
383	823
384	799
384	645
384	463
384	955
385	468
385	467
385	607
385	737
386	498
386	796
386	651
386	824
387	516
387	952
388	820
389	393
390	476
390	762
390	701
390	523
391	514
391	792
392	522
392	626
394	726
394	723
396	609
396	854
397	989
397	986
397	590
397	408
398	983
398	985
398	982
398	704
398	484
399	433
400	547
400	478
400	760
402	617
402	608
402	975
403	647
403	705
403	830
404	575
405	496
406	801
406	502
408	590
409	670
409	665
410	851
410	521
410	826
410	822
410	441
411	541
411	573
412	705
412	647
413	473
413	885
414	939
414	938
415	950
415	953
417	722
417	968
417	563
419	702
419	509
420	593
420	806
421	475
422	857
422	652
423	681
423	445
423	908
424	486
424	692
424	767
424	841
425	438
425	499
426	499
426	655
427	526
427	431
427	609
427	758
428	883
428	644
428	882
429	494
429	790
429	621
431	945
431	526
432	554
433	561
433	732
433	534
434	482
435	813
435	812
436	524
437	451
437	806
439	681
439	803
440	544
441	851
441	521
441	826
441	822
441	831
441	686
441	827
442	616
443	848
444	724
444	725
444	990
444	714
444	569
445	682
446	706
446	710
447	662
447	501
447	537
447	536
448	876
449	814
450	558
451	481
452	818
452	545
452	880
455	929
455	475
456	610
456	457
458	669
459	632
459	661
459	660
460	797
460	553
460	580
460	934
460	931
461	894
461	632
461	660
461	532
461	897
463	955
465	793
465	489
466	471
466	964
466	693
466	967
467	607
468	737
468	924
469	653
469	901
469	753
469	970
469	630
470	592
471	965
471	722
472	739
473	885
475	929
476	695
476	559
476	762
478	760
480	719
483	971
484	704
485	690
486	692
487	759
488	648
488	728
488	495
489	793
489	550
490	923
491	650
492	612
494	790
494	927
495	727
495	648
495	728
496	587
498	796
498	651
498	824
501	662
501	537
503	588
503	709
504	572
505	666
505	917
506	509
506	815
508	517
508	959
509	815
509	872
511	583
512	750
512	951
513	627
513	543
513	653
514	787
514	887
515	641
515	565
516	594
517	959
518	558
520	761
521	822
521	851
521	826
521	831
521	686
521	827
523	715
524	743
525	674
525	916
526	609
526	758
527	628
528	590
529	631
529	768
529	893
531	761
531	664
532	660
532	632
532	894
533	891
534	960
535	591
535	818
535	720
536	537
536	673
536	730
538	757
538	969
539	947
540	947
541	764
541	573
542	809
542	914
542	566
543	627
543	899
543	902
543	741
543	746
545	613
546	828
546	789
546	829
547	627
547	746
548	644
551	554
551	807
552	850
553	579
553	786
553	797
553	580
555	802
557	654
560	745
561	967
561	732
562	856
562	785
562	855
563	718
563	564
564	718
565	641
566	619
566	615
567	740
567	741
568	859
569	990
569	714
570	752
570	739
572	634
574	582
578	794
579	786
579	932
579	956
579	933
580	797
581	930
581	649
583	988
585	811
586	961
586	958
586	636
588	673
589	823
591	818
591	720
593	962
596	688
596	749
596	791
597	683
597	915
599	699
600	825
601	711
602	712
602	966
603	731
604	672
606	736
608	976
608	975
609	758
610	633
610	611
611	633
611	642
613	886
614	775
614	646
615	679
615	889
616	844
618	878
618	875
620	779
620	844
620	845
621	790
622	995
623	991
623	690
624	756
625	906
625	903
625	626
627	899
627	902
627	746
627	653
631	766
631	768
631	893
632	894
632	660
632	661
634	954
634	957
635	782
636	780
636	816
636	958
637	638
637	808
640	740
640	742
644	799
645	799
648	728
649	930
652	857
654	999
657	658
659	754
660	661
663	922
663	925
664	761
667	840
667	721
668	834
672	733
673	730
674	916
675	686
675	676
675	810
675	848
676	686
678	900
679	889
679	864
681	908
682	911
683	915
683	909
683	865
684	944
686	831
686	851
686	826
688	784
689	765
689	997
691	943
693	964
694	695
694	744
695	744
697	703
698	836
699	994
701	762
702	875
706	710
706	774
706	779
707	992
708	871
708	874
709	751
710	774
710	779
711	977
714	990
717	945
717	948
720	818
722	968
722	965
724	725
727	769
733	918
738	896
738	895
738	898
741	902
742	745
746	902
746	899
747	750
747	748
750	951
753	901
753	970
755	756
763	846
764	996
765	997
765	984
768	893
769	820
771	776
773	886
773	783
774	779
775	858
775	860
775	861
778	936
780	816
781	869
782	837
785	868
785	867
785	870
786	932
787	888
787	887
788	821
789	829
795	802
796	824
805	834
805	847
809	914
809	913
810	848
812	813
814	926
815	872
817	863
817	819
817	862
819	863
819	862
822	851
822	826
826	851
826	831
827	835
831	851
834	847
839	842
855	856
858	860
858	861
860	861
862	863
863	866
865	909
865	915
867	868
867	870
868	870
882	883
895	896
898	919
899	902
901	970
903	906
909	915
919	920
922	925
933	956
934	935
936	937
938	939
941	942
958	961
964	967
966	979
978	981
982	985
982	983
983	985
987	989
1000	1314
1000	1004
1000	1015
1000	1023
1001	1464
1001	1514
1001	1085
1001	1183
1001	1418
1002	1221
1002	1589
1002	1046
1002	1027
1002	1321
1002	1065
1002	1438
1002	1678
1003	1297
1003	1032
1003	1040
1003	1888
1003	1791
1003	1790
1003	1375
1004	1327
1004	1009
1005	1475
1005	1027
1005	1136
1005	1679
1005	1677
1006	1457
1006	1172
1006	1032
1006	1831
1006	1606
1006	1022
1007	1057
1007	1739
1007	1117
1008	1174
1008	1609
1008	1225
1009	1188
1009	1093
1009	1189
1010	1115
1010	1925
1011	1247
1011	1148
1012	1522
1012	1037
1013	1058
1013	1080
1013	1015
1013	1128
1013	1206
1013	1709
1014	1082
1014	1624
1014	1968
1015	1137
1015	1623
1015	1035
1015	1132
1015	1065
1015	1972
1016	1124
1016	1078
1016	1647
1016	1066
1016	1192
1016	1423
1016	1811
1016	1948
1017	1065
1017	1055
1017	1067
1017	1473
1017	1715
1017	1023
1017	1109
1018	1074
1018	1097
1018	1529
1019	1245
1019	1789
1019	1165
1019	1334
1020	1639
1020	1563
1021	1214
1021	1238
1022	1386
1022	1543
1022	1047
1022	1461
1023	1109
1024	1105
1024	1247
1024	1038
1024	1433
1024	1157
1024	1836
1024	1161
1024	1672
1025	1066
1025	1731
1025	1627
1025	1233
1025	1952
1026	1570
1026	1757
1026	1702
1026	1131
1026	1763
1026	1683
1026	1325
1027	1082
1027	1330
1027	1710
1027	1148
1027	1031
1028	1383
1028	1674
1028	1192
1028	1675
1029	1587
1029	1547
1029	1484
1029	1607
1029	1338
1029	1971
1029	1351
1030	1144
1030	1671
1030	1497
1030	1819
1031	1218
1031	1878
1032	1172
1032	1831
1032	1606
1032	1618
1032	1619
1032	1280
1032	1593
1032	1796
1032	1979
1032	1465
1032	1193
1032	1653
1033	1388
1033	1035
1033	1990
1034	1530
1034	1165
1034	1383
1035	1729
1035	1705
1035	1994
1035	1615
1036	1312
1036	1107
1037	1121
1037	1256
1038	1087
1038	1336
1038	1085
1039	1445
1039	1045
1039	1360
1039	1130
1039	1392
1040	1888
1040	1277
1040	1738
1040	1316
1040	1417
1041	1196
1041	1901
1041	1168
1042	1115
1042	1155
1042	1043
1042	1821
1042	1078
1042	1172
1043	1303
1043	1259
1043	1899
1043	1897
1044	1103
1044	1076
1045	1258
1045	1500
1046	1113
1046	1054
1046	1744
1046	1302
1046	1321
1046	1065
1046	1062
1046	1742
1047	1060
1047	1585
1047	1301
1048	1131
1048	1600
1048	1316
1048	1268
1048	1086
1048	1767
1048	1343
1048	1752
1049	1513
1049	1325
1049	1302
1050	1290
1050	1389
1051	1440
1051	1666
1052	1405
1052	1344
1052	1273
1053	1201
1053	1129
1053	1439
1053	1083
1053	1395
1054	1144
1054	1740
1054	1117
1054	1344
1055	1065
1055	1216
1055	1327
1056	1449
1056	1205
1056	1122
1057	1959
1058	1183
1058	1152
1058	1486
1059	1197
1059	1145
1060	1202
1060	1583
1060	1458
1060	1345
1061	1073
1061	1136
1061	1848
1062	1632
1062	1087
1062	1378
1062	1436
1062	1742
1063	1930
1063	1174
1064	1279
1064	1417
1064	1625
1064	1604
1064	1965
1065	1842
1066	1350
1066	1552
1066	1309
1067	1109
1067	1216
1067	1944
1068	1615
1068	1986
1068	1280
1068	1793
1069	1221
1069	1434
1069	1163
1070	1083
1070	1404
1070	1559
1070	1365
1071	1659
1071	1775
1072	1457
1072	1523
1073	1270
1073	1442
1073	1181
1074	1313
1074	1557
1074	1498
1075	1078
1075	1816
1075	1101
1076	1689
1076	1605
1076	1844
1077	1098
1077	1477
1077	1976
1077	1270
1078	1684
1078	1124
1078	1948
1078	1645
1079	1357
1079	1798
1080	1281
1080	1799
1081	1454
1081	1363
1081	1909
1081	1724
1082	1624
1082	1972
1082	1354
1083	1517
1083	1100
1084	1275
1084	1481
1085	1320
1085	1336
1086	1315
1086	1335
1086	1768
1086	1767
1087	1632
1087	1808
1088	1483
1088	1239
1088	1751
1088	1847
1089	1274
1089	1115
1089	1159
1090	1571
1090	1712
1090	1713
1090	1933
1091	1812
1091	1408
1091	1228
1091	1827
1092	1291
1093	1215
1093	1488
1094	1226
1094	1551
1094	1550
1094	1954
1095	1387
1095	1175
1095	1668
1096	1406
1096	1347
1096	1919
1096	1918
1097	1525
1098	1271
1098	1756
1098	1985
1098	1577
1099	1185
1099	1561
1099	1950
1099	1646
1099	1558
1100	1556
1100	1255
1101	1874
1102	1384
1102	1307
1102	1693
1103	1194
1103	1239
1104	1420
1104	1164
1105	1203
1105	1353
1105	1359
1106	1718
1106	1235
1107	1848
1108	1411
1108	1545
1110	1755
1110	1146
1110	1660
1110	1224
1110	1920
1111	1428
1111	1433
1112	1926
1112	1197
1112	1219
1113	1340
1113	1986
1114	1572
1114	1968
1114	1363
1114	1454
1114	1909
1114	1123
1114	1474
1115	1427
1115	1774
1115	1922
1116	1411
1116	1240
1117	1961
1117	1739
1118	1932
1118	1575
1119	1387
1119	1179
1119	1805
1120	1373
1120	1532
1121	1631
1121	1403
1121	1407
1121	1731
1122	1371
1122	1205
1123	1432
1124	1200
1125	1836
1125	1386
1126	1236
1126	1832
1126	1865
1126	1254
1127	1468
1127	1526
1127	1644
1127	1934
1127	1935
1127	1818
1127	1642
1127	1476
1127	1190
1128	1135
1129	1201
1129	1942
1130	1317
1130	1996
1130	1995
1131	1702
1131	1272
1132	1828
1132	1597
1133	1307
1133	1313
1134	1148
1134	1188
1134	1370
1134	1207
1134	1630
1135	1284
1136	1380
1136	1544
1137	1741
1137	1623
1137	1564
1138	1408
1138	1160
1138	1817
1139	1202
1139	1760
1139	1217
1140	1426
1140	1300
1140	1533
1141	1978
1141	1917
1141	1444
1141	1983
1141	1594
1141	1770
1141	1528
1142	1152
1142	1446
1143	1669
1143	1795
1144	1530
1144	1529
1145	1667
1145	1880
1145	1772
1145	1332
1146	1222
1146	1660
1146	1391
1147	1764
1147	1460
1147	1459
1147	1737
1147	1765
1147	1428
1147	1399
1147	1886
1147	1591
1147	1203
1148	1699
1149	1864
1149	1161
1149	1496
1150	1555
1150	1799
1151	1389
1151	1397
1152	1311
1152	1575
1153	1334
1153	1907
1153	1787
1154	1236
1154	1866
1154	1867
1154	1868
1155	1903
1155	1353
1155	1648
1156	1860
1156	1722
1157	1247
1157	1471
1157	1792
1157	1352
1157	1991
1157	1492
1158	1186
1158	1989
1158	1315
1159	1189
1160	1817
1160	1700
1160	1424
1160	1850
1160	1177
1161	1864
1161	1313
1161	1782
1162	1196
1162	1176
1163	1472
1163	1730
1163	1434
1164	1420
1164	1192
1164	1396
1165	1356
1166	1393
1166	1521
1166	1762
1166	1921
1166	1662
1167	1262
1167	1842
1167	1692
1168	1204
1168	1416
1168	1761
1168	1349
1168	1596
1169	1970
1169	1546
1170	1861
1170	1728
1170	1673
1171	1693
1171	1304
1172	1435
1172	1831
1172	1606
1173	1277
1173	1493
1173	1181
1175	1374
1175	1455
1176	1437
1176	1203
1176	1884
1177	1810
1177	1853
1177	1700
1177	1424
1177	1850
1178	1184
1178	1482
1179	1584
1179	1688
1180	1722
1180	1862
1182	1646
1182	1714
1183	1464
1183	1841
1184	1906
1185	1540
1185	1244
1185	1579
1186	1386
1186	1279
1186	1511
1186	1289
1187	1945
1187	1348
1187	1746
1187	1849
1188	1223
1188	1370
1188	1207
1190	1642
1190	1807
1190	1824
1191	1788
1191	1402
1192	1694
1192	1396
1192	1993
1193	1618
1193	1619
1193	1280
1193	1593
1193	1796
1193	1979
1193	1465
1193	1653
1194	1241
1194	1199
1195	1505
1195	1350
1196	1687
1197	1890
1197	1319
1198	1232
1198	1366
1198	1560
1199	1718
1200	1216
1201	1943
1201	1412
1202	1583
1202	1865
1203	1765
1203	1459
1204	1416
1204	1761
1204	1349
1204	1596
1205	1857
1206	1568
1206	1709
1207	1370
1207	1808
1207	1625
1208	1478
1208	1598
1208	1431
1208	1475
1209	1258
1209	1684
1210	1443
1210	1358
1211	1255
1211	1392
1212	1373
1212	1542
1212	1830
1213	1938
1213	1263
1214	1840
1215	1418
1217	1758
1218	1430
1218	1473
1219	1614
1220	1565
1220	1636
1221	1222
1222	1336
1222	1542
1223	1931
1223	1408
1223	1647
1224	1660
1225	1609
1226	1311
1226	1685
1226	1802
1227	1562
1227	1395
1227	1527
1227	1655
1227	1914
1228	1408
1228	1827
1229	1706
1229	1320
1229	1875
1230	1479
1230	1982
1231	1449
1231	1447
1231	1278
1232	1872
1232	1283
1232	1355
1234	1273
1234	1337
1235	1718
1235	1719
1236	1866
1236	1867
1236	1868
1236	1401
1237	1629
1237	1801
1237	1674
1237	1962
1237	1599
1238	1536
1239	1843
1240	1326
1240	1394
1240	1469
1241	1514
1242	1939
1242	1339
1242	1257
1243	1464
1243	1349
1243	1438
1244	1579
1244	1298
1244	1453
1244	1541
1245	1368
1245	1690
1245	1538
1245	1789
1245	1697
1245	1694
1246	1299
1246	1531
1246	1641
1246	1929
1247	1672
1247	1471
1247	1792
1248	1269
1248	1518
1249	1649
1249	1659
1249	1780
1249	1778
1250	1350
1251	1398
1251	1682
1251	1895
1251	1894
1252	1496
1252	1676
1252	1680
1253	1577
1254	1584
1256	1270
1257	1639
1258	1803
1259	1431
1259	1896
1260	1717
1260	1641
1260	1519
1261	1802
1261	1684
1262	1750
1262	1845
1262	1842
1263	1712
1264	1287
1264	1507
1265	1419
1265	1576
1266	1701
1266	1341
1267	1608
1267	1288
1268	1296
1268	1561
1268	1487
1269	1323
1270	1976
1270	1719
1271	1756
1271	1984
1271	1295
1272	1900
1272	1566
1274	1734
1274	1382
1275	1495
1275	1499
1276	1381
1276	1578
1277	1493
1277	1738
1278	1572
1279	1989
1279	1511
1280	1618
1280	1619
1280	1593
1280	1796
1280	1979
1280	1465
1280	1653
1280	1793
1281	1804
1282	1906
1282	1393
1283	1696
1283	1501
1283	1472
1284	1893
1285	1869
1285	1451
1286	1506
1286	1784
1286	1908
1287	1508
1287	1785
1288	1476
1288	1814
1289	1458
1289	1997
1290	1614
1291	1436
1291	1743
1292	1555
1292	1779
1293	1435
1293	1626
1294	1938
1294	1446
1295	1756
1296	1561
1296	1703
1297	1400
1297	1812
1298	1364
1298	1670
1298	1453
1299	1531
1299	1300
1299	1846
1299	1829
1299	1310
1299	1783
1299	1838
1301	1601
1302	1744
1302	1321
1303	1595
1303	1500
1304	1483
1305	1311
1305	1685
1305	1882
1305	1889
1306	1697
1306	1380
1307	1859
1307	1823
1307	1495
1308	1462
1308	1510
1308	1378
1308	1932
1309	1310
1310	1783
1311	1354
1311	1795
1312	1540
1314	1328
1314	1633
1315	1335
1316	1343
1316	1417
1316	1600
1317	1980
1317	1996
1317	1771
1318	1563
1318	1507
1319	1434
1319	1366
1319	1890
1320	1875
1321	1744
1322	1425
1322	1450
1322	1638
1323	1340
1323	1987
1324	1430
1324	1721
1324	1870
1324	1362
1324	1720
1325	1702
1326	1394
1326	1469
1328	1394
1329	1419
1329	1385
1330	1710
1330	1401
1330	1588
1331	1494
1331	1800
1332	1667
1332	1880
1332	1772
1333	1421
1333	1620
1336	1861
1337	1512
1338	1607
1338	1484
1338	1971
1338	1547
1339	1939
1339	1822
1340	1987
1341	1552
1341	1556
1342	1925
1342	1479
1342	1797
1344	1405
1345	1977
1345	1981
1345	1769
1345	1999
1346	1461
1346	1826
1346	1698
1347	1755
1347	1916
1347	1915
1348	1689
1348	1470
1348	1855
1350	1701
1351	1547
1352	1587
1352	1581
1352	1955
1352	1776
1353	1648
1354	1795
1354	1624
1355	1481
1356	1402
1357	1517
1357	1654
1358	1443
1358	1513
1358	1966
1359	1658
1360	1526
1360	1708
1360	1643
1360	1383
1361	1364
1361	1669
1362	1721
1362	1870
1362	1723
1362	1430
1363	1454
1363	1913
1363	1404
1364	1670
1365	1714
1365	1404
1366	1434
1367	1634
1367	1522
1367	1949
1368	1690
1368	1455
1368	1854
1368	1538
1368	1694
1369	1840
1369	1486
1370	1973
1371	1974
1371	1969
1372	1524
1372	1450
1373	1837
1374	1810
1375	1573
1375	1881
1376	1410
1376	1636
1377	1752
1378	1462
1378	1945
1378	1565
1379	1940
1379	1645
1379	1941
1379	1635
1381	1585
1381	1707
1381	1704
1382	1856
1383	1526
1384	1549
1385	1804
1386	1543
1387	1858
1388	1988
1389	1910
1390	1448
1391	1760
1394	1411
1394	1469
1394	1438
1395	1914
1397	1611
1397	1467
1398	1680
1399	1428
1399	1886
1399	1591
1399	1766
1400	1963
1403	1740
1403	1631
1404	1559
1406	1444
1407	1732
1408	1827
1409	1871
1409	1873
1410	1452
1411	1469
1412	1944
1413	1622
1414	1751
1415	1441
1415	1725
1415	1610
1416	1761
1418	1602
1419	1450
1420	1959
1421	1426
1422	1494
1422	1781
1423	1811
1423	1647
1423	1946
1424	1700
1424	1850
1425	1657
1425	1638
1426	1533
1427	1786
1427	1905
1428	1459
1428	1737
1428	1886
1428	1591
1429	1825
1429	1502
1430	1473
1431	1598
1431	1478
1432	1466
1433	1597
1435	1436
1435	1626
1436	1964
1436	1967
1437	1764
1437	1460
1437	1885
1438	1589
1439	1652
1440	1568
1440	1711
1441	1651
1441	1521
1442	1740
1443	1513
1444	1917
1445	1633
1447	1449
1447	1616
1448	1966
1448	1753
1451	1869
1451	1671
1452	1456
1452	1939
1453	1794
1454	1913
1454	1909
1455	1854
1455	1538
1456	1939
1456	1822
1457	1727
1458	1997
1459	1460
1459	1737
1459	1765
1460	1765
1460	1764
1462	1510
1462	1945
1463	1790
1463	1505
1464	1695
1465	1618
1465	1619
1465	1593
1465	1796
1465	1979
1465	1653
1466	1508
1468	1526
1468	1934
1468	1935
1470	1855
1471	1792
1471	1992
1471	1619
1471	1998
1471	1979
1472	1730
1474	1775
1476	1814
1476	1642
1476	1644
1476	1818
1477	1980
1478	1598
1480	1516
1480	1749
1482	1657
1484	1607
1485	1813
1485	1617
1485	1620
1485	1621
1486	1840
1488	1930
1489	1578
1489	1580
1490	1788
1490	1658
1491	1509
1491	1608
1492	1629
1492	1991
1495	1823
1496	1676
1497	1502
1497	1823
1498	1566
1499	1675
1503	1664
1503	1668
1504	1809
1504	1806
1505	1887
1506	1611
1509	1931
1512	1735
1515	1857
1515	1692
1516	1749
1516	1626
1516	1628
1517	1654
1518	1982
1518	1592
1519	1703
1519	1717
1520	1525
1520	1609
1520	1927
1521	1762
1523	1640
1524	1913
1525	1609
1526	1934
1526	1708
1526	1643
1527	1655
1527	1984
1528	1770
1529	1936
1531	1937
1531	1571
1532	1734
1534	1852
1534	1851
1534	1835
1534	1699
1535	1549
1535	1536
1537	1695
1537	1747
1538	1854
1539	1543
1539	1828
1542	1830
1545	1548
1546	1630
1548	1800
1550	1951
1550	1954
1551	1970
1552	1556
1553	1825
1553	1819
1554	1671
1557	1893
1561	1950
1562	1655
1564	1623
1566	1754
1566	1900
1567	1912
1567	1911
1567	1904
1567	1785
1569	1726
1569	1860
1570	1667
1570	1763
1571	1713
1572	1968
1574	1661
1576	1791
1577	1985
1579	1833
1579	1834
1580	1656
1581	1587
1581	1955
1581	1776
1581	1962
1582	1956
1582	1952
1583	1681
1583	1679
1584	1688
1584	1863
1586	1663
1587	1955
1587	1776
1588	1710
1589	1891
1590	1594
1591	1886
1591	1766
1592	1982
1593	1618
1593	1619
1593	1796
1593	1979
1593	1653
1599	1958
1599	1975
1599	1801
1601	1725
1602	1947
1603	1723
1604	1974
1605	1844
1606	1831
1607	1969
1607	1622
1610	1612
1612	1727
1613	1640
1613	1634
1613	1637
1613	1716
1617	1620
1617	1621
1618	1619
1618	1796
1618	1979
1618	1653
1619	1998
1619	1979
1619	1796
1619	1653
1620	1621
1621	1815
1622	1969
1625	1808
1626	1628
1632	1815
1634	1637
1634	1716
1635	1941
1637	1716
1641	1928
1641	1929
1642	1644
1642	1818
1645	1940
1649	1923
1649	1924
1650	1652
1650	1651
1653	1796
1653	1979
1655	1914
1656	1759
1656	1758
1657	1902
1658	1788
1659	1780
1661	1777
1661	1780
1663	1889
1664	1809
1664	1820
1665	1820
1666	1726
1667	1880
1667	1772
1673	1728
1674	1862
1675	1876
1679	1681
1682	1895
1682	1894
1682	1779
1682	1892
1683	1757
1683	1763
1686	1901
1687	1883
1687	1898
1690	1789
1690	1697
1691	1715
1693	1839
1698	1826
1699	1851
1699	1835
1700	1850
1704	1707
1705	1729
1705	1867
1706	1879
1720	1723
1721	1870
1728	1729
1732	1957
1732	1960
1733	1749
1733	1748
1735	1741
1736	1737
1745	1746
1745	1753
1746	1753
1747	1852
1748	1956
1748	1749
1750	1845
1758	1759
1772	1880
1773	1999
1774	1922
1776	1955
1779	1892
1781	1951
1781	1953
1782	1864
1784	1903
1786	1787
1786	1905
1787	1907
1790	1888
1796	1979
1798	1923
1806	1874
1806	1877
1816	1821
1826	1869
1826	1873
1832	1837
1833	1834
1835	1852
1835	1851
1851	1852
1866	1867
1866	1868
1867	1868
1869	1873
1874	1877
1878	1879
1894	1895
1897	1899
1904	1912
1904	1911
1911	1912
1923	1924
1926	1942
1951	1953
1957	1960
1958	1975
1963	1965
1977	1978
1979	1998
1988	1993
1994	1995
2000	2006
2000	2177
2000	2062
2000	2038
2000	2091
2000	2182
2000	2042
2000	2036
2000	2252
2000	2002
2000	2213
2000	2055
2000	2016
2000	2129
2000	2528
2000	2352
2000	2086
2000	2008
2000	2023
2000	2608
2000	2009
2000	2227
2000	2568
2000	2414
2000	2281
2000	2330
2000	2406
2000	2486
2000	2098
2000	2815
2000	2798
2000	2001
2000	2168
2000	2164
2001	2309
2001	2235
2001	2033
2001	2006
2001	2113
2001	2090
2001	2400
2001	2016
2001	2002
2001	2252
2001	2227
2001	2125
2001	2059
2001	2094
2001	2098
2001	2149
2001	2046
2001	2383
2001	2091
2001	2146
2001	2733
2001	2214
2001	2169
2001	2042
2001	2171
2001	2915
2001	2127
2001	2043
2001	2142
2001	2133
2001	2005
2001	2078
2001	2004
2001	2204
2001	2076
2001	2056
2002	2060
2002	2128
2002	2221
2002	2031
2002	2045
2002	2063
2002	2023
2002	2032
2002	2033
2002	2684
2002	2020
2002	2138
2002	2939
2002	2308
2002	2043
2002	2400
2002	2016
2002	2252
2002	2036
2002	2042
2002	2213
2002	2055
2002	2129
2002	2004
2002	2041
2002	2007
2002	2057
2002	2009
2002	2837
2002	2029
2002	2512
2002	2011
2002	2234
2002	2040
2002	2088
2002	2019
2002	2158
2002	2147
2002	2208
2002	2085
2002	2117
2002	2014
2002	2028
2002	2322
2002	2429
2002	2201
2002	2785
2002	2275
2002	2566
2002	2586
2002	2266
2003	2350
2003	2197
2003	2120
2003	2058
2003	2085
2003	2153
2003	2102
2003	2758
2003	2376
2003	2186
2003	2555
2003	2114
2003	2895
2003	2902
2003	2133
2004	2041
2004	2007
2004	2057
2004	2009
2004	2016
2004	2837
2004	2133
2004	2005
2004	2078
2004	2204
2004	2076
2004	2169
2004	2056
2004	2665
2004	2516
2004	2453
2004	2431
2005	2017
2005	2127
2005	2321
2005	2107
2005	2437
2005	2075
2005	2190
2005	2081
2005	2072
2005	2170
2005	2059
2005	2219
2005	2152
2005	2051
2005	2007
2005	2560
2005	2748
2005	2032
2005	2014
2005	2223
2005	2074
2005	2027
2005	2026
2005	2041
2005	2742
2005	2009
2005	2753
2005	2743
2005	2133
2005	2078
2005	2204
2005	2076
2005	2169
2005	2056
2006	2164
2006	2038
2006	2023
2006	2228
2006	2561
2006	2091
2006	2204
2006	2129
2006	2086
2006	2454
2006	2066
2006	2177
2006	2062
2006	2168
2006	2210
2006	2045
2006	2594
2006	2148
2006	2520
2006	2217
2006	2286
2006	2884
2006	2314
2007	2753
2007	2059
2007	2075
2007	2219
2007	2152
2007	2190
2007	2051
2007	2560
2007	2748
2007	2032
2007	2014
2007	2223
2007	2074
2007	2027
2007	2026
2007	2041
2007	2742
2007	2009
2007	2057
2007	2016
2007	2837
2007	2017
2007	2321
2008	2111
2008	2126
2008	2227
2008	2063
2008	2156
2008	2042
2008	2287
2008	2285
2008	2715
2008	2802
2008	2803
2008	2077
2008	2349
2008	2045
2008	2051
2008	2023
2008	2608
2008	2009
2008	2568
2008	2414
2008	2281
2008	2330
2008	2406
2008	2486
2009	2560
2009	2748
2009	2032
2009	2014
2009	2223
2009	2074
2009	2027
2009	2026
2009	2041
2009	2075
2009	2742
2009	2057
2009	2016
2009	2837
2009	2023
2009	2608
2009	2227
2009	2568
2009	2414
2009	2281
2009	2330
2009	2406
2009	2486
2009	2060
2009	2029
2009	2512
2009	2011
2009	2234
2009	2040
2009	2088
2009	2019
2009	2158
2009	2147
2009	2208
2010	2022
2010	2021
2010	2085
2010	2579
2010	2107
2010	2343
2010	2092
2010	2057
2010	2303
2011	2343
2011	2941
2011	2060
2011	2029
2011	2512
2011	2234
2011	2040
2011	2088
2011	2019
2011	2158
2011	2147
2011	2208
2011	2940
2011	2942
2011	2416
2011	2944
2012	2561
2012	2015
2012	2962
2012	2118
2012	2025
2012	2964
2012	2139
2012	2124
2012	2958
2013	2119
2013	2270
2013	2724
2013	2046
2013	2699
2013	2721
2013	2657
2014	2560
2014	2748
2014	2032
2014	2223
2014	2074
2014	2027
2014	2026
2014	2041
2014	2075
2014	2742
2014	2031
2014	2042
2014	2085
2014	2117
2015	2197
2015	2494
2015	2161
2015	2239
2015	2118
2016	2400
2016	2252
2016	2125
2016	2059
2016	2094
2016	2042
2016	2036
2016	2213
2016	2055
2016	2129
2016	2041
2016	2057
2016	2837
2016	2026
2016	2200
2017	2127
2017	2321
2017	2107
2017	2437
2017	2075
2017	2190
2017	2081
2017	2072
2017	2110
2017	2032
2017	2753
2017	2026
2017	2332
2017	2489
2017	2210
2017	2882
2017	2156
2017	2286
2017	2111
2017	2582
2018	2417
2018	2794
2018	2307
2018	2345
2018	2506
2018	2642
2018	2054
2018	2792
2018	2798
2018	2451
2018	2540
2018	2660
2019	2142
2019	2690
2019	2060
2019	2029
2019	2512
2019	2234
2019	2040
2019	2088
2019	2158
2019	2147
2019	2208
2019	2036
2019	2890
2020	2057
2020	2031
2020	2045
2020	2063
2020	2060
2020	2023
2020	2032
2020	2033
2020	2684
2020	2138
2020	2939
2020	2308
2020	2043
2020	2099
2020	2434
2020	2024
2021	2022
2021	2058
2021	2096
2021	2108
2021	2507
2021	2610
2021	2513
2022	2135
2022	2161
2022	2501
2022	2244
2022	2126
2022	2582
2022	2917
2022	2102
2022	2153
2022	2052
2022	2230
2022	2695
2022	2120
2023	2228
2023	2561
2023	2063
2023	2042
2023	2031
2023	2045
2023	2060
2023	2032
2023	2033
2023	2684
2023	2138
2023	2939
2023	2308
2023	2043
2023	2070
2023	2522
2023	2608
2023	2227
2023	2568
2023	2414
2023	2281
2023	2330
2023	2406
2023	2486
2023	2625
2023	2258
2023	2269
2023	2246
2023	2154
2023	2604
2023	2473
2023	2558
2024	2035
2024	2495
2024	2396
2024	2711
2024	2801
2024	2629
2025	2118
2025	2455
2025	2150
2025	2430
2026	2560
2026	2748
2026	2032
2026	2223
2026	2074
2026	2027
2026	2041
2026	2075
2026	2742
2026	2489
2026	2110
2026	2300
2026	2685
2026	2378
2026	2754
2026	2793
2027	2560
2027	2748
2027	2032
2027	2223
2027	2074
2027	2041
2027	2075
2027	2742
2027	2108
2027	2551
2027	2700
2027	2424
2027	2580
2027	2421
2028	2341
2028	2045
2028	2198
2028	2125
2028	2490
2028	2923
2029	2646
2029	2060
2029	2512
2029	2234
2029	2040
2029	2088
2029	2158
2029	2147
2029	2208
2029	2131
2029	2896
2029	2375
2030	2496
2030	2348
2031	2032
2031	2045
2031	2130
2031	2063
2031	2060
2031	2033
2031	2684
2031	2138
2031	2939
2031	2308
2031	2043
2031	2541
2031	2070
2031	2042
2031	2085
2031	2117
2031	2322
2031	2139
2031	2169
2031	2044
2032	2045
2032	2130
2032	2063
2032	2060
2032	2033
2032	2684
2032	2138
2032	2939
2032	2308
2032	2043
2032	2141
2032	2457
2032	2560
2032	2748
2032	2223
2032	2074
2032	2041
2032	2075
2032	2742
2032	2753
2032	2321
2032	2205
2032	2395
2032	2656
2032	2991
2032	2650
2032	2750
2032	2990
2033	2045
2033	2063
2033	2060
2033	2684
2033	2138
2033	2939
2033	2308
2033	2043
2033	2461
2033	2050
2033	2074
2034	2404
2034	2543
2034	2205
2034	2407
2034	2292
2034	2114
2034	2744
2034	2334
2034	2069
2034	2271
2034	2187
2034	2352
2034	2122
2034	2075
2034	2605
2034	2603
2034	2439
2034	2457
2034	2472
2034	2141
2034	2571
2034	2312
2034	2104
2034	2878
2034	2361
2034	2728
2034	2870
2035	2396
2035	2039
2035	2469
2035	2316
2035	2819
2035	2795
2035	2680
2035	2663
2036	2248
2036	2157
2036	2444
2036	2042
2036	2252
2036	2213
2036	2055
2036	2129
2036	2427
2036	2078
2036	2673
2036	2474
2036	2932
2036	2925
2036	2736
2036	2606
2037	2284
2037	2313
2037	2854
2037	2317
2037	2290
2037	2848
2038	2627
2038	2454
2038	2066
2038	2588
2038	2587
2039	2067
2039	2810
2040	2060
2040	2512
2040	2234
2040	2088
2040	2158
2040	2147
2040	2208
2041	2560
2041	2748
2041	2223
2041	2074
2041	2075
2041	2742
2041	2691
2041	2057
2041	2837
2041	2839
2041	2841
2041	2477
2042	2111
2042	2126
2042	2227
2042	2063
2042	2156
2042	2287
2042	2285
2042	2715
2042	2802
2042	2803
2042	2246
2042	2252
2042	2213
2042	2055
2042	2129
2042	2085
2042	2117
2042	2146
2042	2733
2042	2214
2042	2169
2042	2059
2042	2171
2042	2915
2042	2127
2042	2043
2042	2142
2042	2154
2042	2258
2042	2655
2043	2045
2043	2063
2043	2060
2043	2684
2043	2138
2043	2939
2043	2308
2043	2316
2043	2146
2043	2733
2043	2214
2043	2169
2043	2059
2043	2171
2043	2915
2043	2127
2043	2142
2044	2170
2044	2909
2045	2341
2045	2198
2045	2125
2045	2490
2045	2130
2045	2063
2045	2060
2045	2684
2045	2138
2045	2939
2045	2308
2045	2051
2045	2210
2045	2594
2045	2148
2045	2520
2045	2217
2045	2286
2045	2884
2045	2228
2045	2314
2045	2160
2046	2985
2046	2436
2046	2986
2047	2334
2047	2404
2047	2405
2048	2388
2048	2073
2048	2299
2048	2159
2049	2288
2049	2596
2049	2369
2049	2766
2049	2311
2049	2370
2049	2532
2049	2592
2049	2770
2049	2344
2049	2595
2050	2064
2050	2281
2050	2122
2050	2567
2051	2059
2051	2075
2051	2219
2051	2152
2051	2190
2052	2232
2052	2054
2053	2833
2053	2183
2053	2831
2054	2537
2054	2441
2055	2252
2055	2213
2055	2129
2055	2181
2055	2874
2055	2394
2055	2959
2055	2751
2055	2478
2055	2353
2055	2712
2055	2872
2056	2499
2056	2214
2056	2453
2056	2215
2056	2133
2056	2078
2056	2204
2056	2076
2056	2169
2056	2423
2057	2095
2057	2837
2057	2523
2057	2107
2057	2343
2057	2092
2057	2303
2057	2670
2057	2267
2057	2331
2058	2350
2058	2197
2058	2120
2058	2085
2058	2153
2058	2102
2058	2758
2058	2096
2058	2108
2058	2493
2058	2331
2058	2943
2058	2570
2058	2591
2058	2725
2058	2726
2059	2125
2059	2094
2059	2075
2059	2219
2059	2152
2059	2190
2059	2146
2059	2733
2059	2214
2059	2169
2059	2171
2059	2915
2059	2127
2059	2142
2060	2128
2060	2221
2060	2158
2060	2063
2060	2684
2060	2138
2060	2939
2060	2308
2060	2224
2060	2550
2060	2202
2060	2061
2060	2535
2060	2229
2060	2222
2060	2512
2060	2234
2060	2088
2060	2147
2060	2208
2060	2328
2062	2177
2062	2519
2063	2111
2063	2126
2063	2227
2063	2156
2063	2287
2063	2285
2063	2715
2063	2802
2063	2803
2063	2684
2063	2138
2063	2939
2063	2308
2064	2338
2064	2935
2064	2574
2064	2599
2064	2352
2064	2937
2065	2919
2065	2492
2065	2337
2065	2767
2065	2776
2066	2164
2066	2454
2067	2200
2067	2838
2067	2523
2068	2719
2068	2375
2068	2716
2069	2381
2069	2205
2069	2407
2069	2292
2069	2114
2069	2744
2069	2334
2069	2271
2069	2187
2069	2352
2069	2122
2069	2075
2069	2605
2069	2603
2069	2439
2069	2457
2069	2472
2069	2141
2069	2571
2069	2312
2069	2104
2069	2878
2069	2361
2069	2746
2070	2291
2070	2277
2070	2727
2070	2318
2070	2904
2070	2354
2070	2627
2071	2120
2071	2074
2071	2451
2071	2161
2071	2812
2072	2127
2072	2321
2072	2107
2072	2437
2072	2075
2072	2190
2072	2081
2072	2760
2072	2289
2073	2388
2073	2299
2074	2335
2074	2560
2074	2748
2074	2223
2074	2075
2074	2742
2074	2401
2075	2127
2075	2321
2075	2107
2075	2437
2075	2190
2075	2081
2075	2219
2075	2152
2075	2560
2075	2748
2075	2223
2075	2742
2075	2205
2075	2407
2075	2292
2075	2114
2075	2744
2075	2334
2075	2271
2075	2187
2075	2352
2075	2122
2075	2605
2075	2603
2075	2439
2075	2457
2075	2472
2075	2141
2075	2571
2075	2312
2075	2104
2075	2878
2075	2361
2076	2133
2076	2078
2076	2204
2076	2169
2077	2752
2077	2224
2077	2240
2077	2101
2077	2618
2077	2992
2077	2994
2077	2993
2078	2427
2078	2426
2078	2150
2078	2225
2078	2133
2078	2204
2078	2169
2079	2434
2079	2583
2079	2399
2079	2444
2079	2933
2080	2117
2080	2304
2080	2988
2081	2127
2081	2321
2081	2107
2081	2437
2081	2190
2081	2125
2081	2575
2081	2382
2082	2154
2082	2469
2082	2355
2082	2548
2082	2323
2082	2625
2082	2167
2083	2259
2083	2088
2084	2644
2084	2475
2084	2817
2084	2789
2084	2678
2084	2642
2084	2794
2085	2350
2085	2197
2085	2120
2085	2153
2085	2102
2085	2758
2085	2364
2085	2117
2085	2134
2086	2509
2086	2177
2086	2515
2086	2815
2087	2938
2087	2605
2087	2672
2087	2242
2087	2955
2087	2664
2087	2947
2088	2512
2088	2234
2088	2158
2088	2147
2088	2208
2088	2635
2089	2162
2089	2696
2089	2132
2089	2251
2090	2113
2090	2692
2090	2388
2090	2518
2090	2677
2091	2783
2091	2611
2091	2295
2091	2774
2091	2380
2091	2212
2092	2107
2092	2343
2092	2303
2093	2387
2093	2480
2093	2772
2093	2765
2094	2125
2094	2468
2094	2779
2094	2315
2094	2982
2094	2781
2094	2989
2094	2996
2095	2554
2095	2220
2096	2108
2096	2134
2096	2102
2096	2176
2096	2403
2096	2581
2096	2117
2096	2458
2096	2916
2097	2590
2097	2327
2097	2189
2097	2527
2097	2335
2097	2676
2097	2918
2097	2600
2097	2920
2098	2383
2098	2144
2098	2530
2098	2182
2098	2824
2098	2622
2099	2396
2099	2115
2099	2691
2099	2373
2099	2826
2099	2829
2100	2384
2101	2752
2102	2350
2102	2197
2102	2120
2102	2153
2102	2758
2102	2134
2102	2176
2102	2403
2102	2501
2103	2238
2103	2974
2103	2548
2104	2449
2104	2329
2104	2205
2104	2407
2104	2292
2104	2114
2104	2744
2104	2334
2104	2271
2104	2187
2104	2352
2104	2122
2104	2605
2104	2603
2104	2439
2104	2457
2104	2472
2104	2141
2104	2571
2104	2312
2104	2878
2104	2361
2105	2192
2105	2553
2105	2220
2105	2240
2105	2787
2106	2134
2106	2389
2106	2559
2106	2618
2107	2127
2107	2321
2107	2437
2107	2190
2107	2551
2107	2343
2107	2303
2109	2723
2109	2185
2110	2119
2110	2443
2110	2807
2110	2112
2110	2694
2110	2489
2110	2218
2110	2816
2111	2126
2111	2227
2111	2156
2111	2287
2111	2285
2111	2715
2111	2802
2111	2803
2111	2516
2111	2210
2111	2882
2111	2286
2111	2582
2113	2729
2113	2983
2113	2654
2113	2779
2114	2205
2114	2407
2114	2292
2114	2744
2114	2334
2114	2271
2114	2187
2114	2352
2114	2122
2114	2605
2114	2603
2114	2439
2114	2457
2114	2472
2114	2141
2114	2571
2114	2312
2114	2878
2114	2361
2115	2426
2116	2365
2116	2881
2116	2273
2116	2577
2116	2594
2116	2777
2116	2884
2116	2883
2116	2885
2116	2662
2117	2458
2118	2455
2118	2140
2118	2139
2118	2249
2118	2846
2119	2165
2119	2928
2119	2927
2120	2350
2120	2197
2120	2153
2120	2758
2120	2230
2120	2246
2121	2320
2121	2135
2122	2935
2122	2205
2122	2407
2122	2292
2122	2744
2122	2334
2122	2271
2122	2187
2122	2352
2122	2605
2122	2603
2122	2439
2122	2457
2122	2472
2122	2141
2122	2571
2122	2312
2122	2878
2122	2361
2122	2866
2123	2754
2123	2138
2123	2800
2123	2542
2124	2163
2124	2965
2125	2341
2125	2198
2125	2490
2125	2156
2125	2488
2125	2193
2126	2227
2126	2156
2126	2287
2126	2285
2126	2715
2126	2802
2126	2803
2126	2135
2126	2161
2126	2501
2126	2244
2126	2582
2126	2917
2126	2268
2126	2342
2127	2321
2127	2437
2127	2190
2127	2146
2127	2733
2127	2214
2127	2169
2127	2171
2127	2915
2127	2142
2128	2221
2128	2224
2128	2175
2129	2252
2129	2213
2129	2387
2129	2861
2129	2863
2129	2862
2130	2266
2130	2318
2130	2293
2130	2253
2130	2616
2131	2425
2131	2539
2131	2892
2131	2361
2131	2894
2132	2296
2132	2162
2132	2257
2132	2852
2132	2738
2133	2204
2133	2169
2134	2176
2134	2403
2134	2153
2135	2161
2135	2501
2135	2244
2135	2582
2135	2917
2136	2188
2136	2355
2137	2877
2137	2709
2137	2879
2137	2705
2137	2302
2137	2610
2138	2684
2138	2939
2138	2308
2138	2152
2138	2168
2139	2249
2139	2534
2139	2957
2140	2197
2140	2758
2140	2969
2141	2457
2141	2205
2141	2407
2141	2292
2141	2744
2141	2334
2141	2271
2141	2187
2141	2352
2141	2605
2141	2603
2141	2439
2141	2472
2141	2571
2141	2312
2141	2878
2141	2361
2142	2146
2142	2733
2142	2214
2142	2169
2142	2171
2142	2915
2142	2216
2143	2987
2143	2386
2143	2449
2143	2304
2144	2383
2144	2182
2145	2166
2145	2219
2145	2418
2146	2450
2146	2733
2146	2214
2146	2169
2146	2171
2146	2915
2147	2512
2147	2234
2147	2158
2147	2208
2148	2210
2148	2594
2148	2520
2148	2217
2148	2286
2148	2884
2148	2228
2148	2314
2149	2420
2149	2417
2150	2455
2150	2426
2150	2225
2150	2427
2150	2844
2150	2432
2150	2686
2150	2647
2151	2360
2151	2255
2151	2906
2152	2219
2152	2190
2152	2743
2152	2992
2153	2350
2153	2197
2153	2758
2155	2675
2155	2800
2156	2227
2156	2287
2156	2285
2156	2715
2156	2802
2156	2803
2156	2169
2156	2210
2156	2882
2156	2286
2156	2582
2157	2782
2157	2476
2158	2512
2158	2234
2158	2208
2158	2621
2159	2665
2159	2366
2159	2981
2160	2311
2161	2501
2161	2244
2161	2582
2161	2917
2161	2268
2161	2294
2162	2199
2163	2966
2164	2204
2164	2707
2165	2193
2165	2443
2165	2340
2165	2823
2165	2517
2165	2822
2166	2342
2166	2418
2166	2601
2168	2232
2168	2254
2169	2450
2169	2733
2169	2214
2169	2171
2169	2915
2169	2204
2170	2213
2170	2909
2171	2733
2171	2214
2171	2915
2172	2174
2172	2220
2172	2739
2172	2740
2172	2279
2173	2339
2173	2326
2173	2924
2173	2502
2173	2704
2174	2553
2174	2247
2175	2359
2176	2332
2176	2403
2177	2509
2178	2494
2178	2499
2178	2331
2178	2671
2178	2411
2178	2668
2178	2845
2179	2585
2179	2213
2179	2236
2179	2206
2179	2336
2180	2230
2180	2202
2181	2874
2181	2447
2181	2196
2181	2717
2181	2301
2181	2880
2181	2873
2182	2226
2183	2832
2183	2368
2183	2833
2184	2188
2184	2977
2184	2976
2185	2358
2185	2498
2186	2895
2186	2376
2187	2205
2187	2407
2187	2292
2187	2744
2187	2334
2187	2271
2187	2352
2187	2605
2187	2603
2187	2439
2187	2457
2187	2472
2187	2571
2187	2312
2187	2878
2187	2361
2188	2975
2189	2398
2189	2679
2189	2280
2189	2602
2189	2600
2189	2784
2190	2321
2190	2437
2190	2219
2190	2390
2191	2276
2191	2893
2191	2638
2191	2545
2192	2566
2192	2690
2192	2834
2192	2691
2192	2563
2192	2827
2193	2332
2194	2584
2194	2689
2194	2392
2194	2578
2194	2676
2194	2934
2195	2241
2195	2835
2195	2566
2196	2221
2196	2447
2196	2874
2196	2301
2196	2880
2196	2645
2197	2350
2197	2758
2197	2490
2198	2341
2198	2490
2199	2545
2199	2461
2199	2731
2200	2247
2200	2838
2201	2785
2201	2275
2201	2434
2203	2601
2203	2593
2205	2407
2205	2865
2205	2292
2205	2744
2205	2334
2205	2271
2205	2352
2205	2605
2205	2603
2205	2439
2205	2457
2205	2472
2205	2571
2205	2312
2205	2878
2205	2361
2206	2615
2206	2336
2206	2533
2206	2749
2206	2534
2206	2306
2206	2619
2207	2403
2207	2723
2207	2907
2208	2512
2208	2234
2208	2889
2209	2636
2210	2594
2210	2520
2210	2217
2210	2286
2210	2884
2210	2228
2210	2314
2210	2481
2210	2882
2210	2582
2211	2510
2211	2329
2211	2504
2211	2646
2211	2508
2211	2425
2211	2521
2212	2765
2212	2380
2213	2585
2213	2252
2213	2908
2214	2499
2214	2320
2214	2733
2214	2915
2215	2988
2215	2724
2216	2233
2216	2351
2217	2594
2217	2520
2217	2286
2217	2884
2217	2228
2217	2314
2218	2497
2218	2402
2218	2796
2218	2489
2219	2437
2220	2554
2221	2682
2221	2233
2221	2673
2221	2887
2221	2298
2221	2886
2221	2888
2221	2773
2221	2736
2221	2248
2221	2778
2221	2452
2221	2476
2222	2703
2222	2702
2223	2560
2223	2748
2223	2742
2223	2471
2224	2752
2224	2755
2225	2426
2225	2427
2225	2843
2225	2842
2226	2757
2227	2287
2227	2285
2227	2715
2227	2802
2227	2803
2227	2252
2227	2608
2227	2568
2227	2414
2227	2281
2227	2330
2227	2406
2227	2486
2228	2561
2228	2582
2228	2594
2228	2520
2228	2286
2228	2884
2228	2314
2228	2446
2228	2576
2229	2535
2229	2814
2230	2695
2230	2579
2231	2550
2231	2305
2232	2309
2233	2326
2233	2474
2233	2980
2234	2512
2234	2696
2235	2309
2235	2332
2236	2556
2236	2734
2237	2296
2237	2484
2238	2253
2238	2967
2239	2764
2239	2325
2240	2565
2241	2835
2242	2946
2242	2950
2242	2948
2243	2554
2243	2532
2244	2501
2244	2582
2244	2917
2244	2939
2244	2282
2244	2913
2245	2500
2246	2979
2246	2269
2247	2737
2247	2340
2248	2736
2248	2778
2249	2432
2250	2929
2250	2589
2251	2297
2251	2693
2252	2756
2252	2556
2252	2400
2252	2643
2253	2293
2253	2357
2254	2599
2255	2297
2255	2701
2255	2891
2256	2529
2258	2362
2258	2655
2259	2877
2259	2875
2260	2394
2261	2737
2261	2465
2262	2398
2263	2943
2264	2573
2264	2599
2265	2384
2265	2757
2266	2930
2266	2589
2267	2670
2267	2331
2268	2294
2268	2530
2268	2821
2269	2522
2270	2413
2270	2956
2271	2407
2271	2292
2271	2744
2271	2334
2271	2352
2271	2605
2271	2603
2271	2439
2271	2457
2271	2472
2271	2571
2271	2312
2271	2878
2271	2361
2272	2864
2272	2746
2273	2365
2273	2881
2273	2577
2273	2594
2273	2777
2273	2884
2273	2883
2273	2885
2273	2662
2274	2488
2275	2785
2275	2525
2276	2278
2276	2464
2276	2661
2276	2901
2277	2727
2277	2318
2277	2904
2277	2354
2277	2415
2277	2627
2277	2529
2277	2358
2277	2628
2278	2496
2279	2740
2281	2608
2281	2568
2281	2414
2281	2330
2281	2406
2281	2486
2282	2451
2282	2914
2283	2590
2283	2920
2283	2919
2283	2784
2284	2313
2284	2290
2284	2972
2285	2287
2285	2715
2285	2802
2285	2803
2286	2594
2286	2520
2286	2884
2286	2314
2286	2882
2286	2582
2287	2715
2287	2802
2287	2803
2287	2531
2288	2596
2288	2369
2290	2972
2290	2317
2290	2440
2290	2856
2290	2735
2290	2614
2291	2541
2291	2491
2291	2727
2291	2631
2292	2407
2292	2744
2292	2334
2292	2352
2292	2605
2292	2603
2292	2439
2292	2457
2292	2472
2292	2571
2292	2312
2292	2878
2292	2361
2295	2783
2295	2611
2295	2774
2295	2626
2296	2564
2296	2858
2297	2876
2298	2682
2299	2388
2301	2447
2303	2343
2303	2335
2303	2462
2304	2659
2305	2515
2305	2371
2306	2619
2307	2806
2308	2684
2308	2939
2308	2950
2308	2687
2310	2359
2310	2384
2311	2453
2312	2407
2312	2744
2312	2334
2312	2352
2312	2605
2312	2603
2312	2439
2312	2457
2312	2472
2312	2571
2312	2878
2312	2361
2314	2594
2314	2520
2314	2884
2317	2848
2317	2735
2317	2614
2318	2727
2318	2904
2318	2354
2319	2561
2319	2963
2321	2437
2321	2753
2324	2574
2325	2734
2325	2747
2326	2474
2327	2337
2330	2488
2330	2608
2330	2568
2330	2414
2330	2406
2330	2486
2331	2482
2331	2670
2333	2420
2333	2438
2334	2407
2334	2744
2334	2352
2334	2605
2334	2603
2334	2439
2334	2457
2334	2472
2334	2571
2334	2878
2334	2361
2336	2616
2336	2615
2337	2398
2338	2555
2339	2928
2340	2823
2340	2809
2340	2741
2341	2490
2344	2766
2344	2770
2346	2471
2346	2604
2347	2696
2348	2385
2350	2467
2350	2758
2352	2407
2352	2744
2352	2605
2352	2603
2352	2439
2352	2457
2352	2472
2352	2571
2352	2878
2352	2361
2353	2478
2353	2712
2354	2727
2354	2904
2354	2529
2354	2415
2354	2546
2356	2445
2356	2725
2357	2620
2358	2628
2358	2720
2359	2797
2360	2496
2360	2632
2360	2403
2361	2407
2361	2744
2361	2605
2361	2603
2361	2439
2361	2457
2361	2472
2361	2571
2361	2878
2362	2377
2362	2363
2362	2669
2364	2692
2365	2881
2365	2577
2365	2594
2365	2777
2365	2884
2365	2883
2365	2885
2365	2662
2367	2390
2367	2438
2367	2811
2368	2674
2368	2639
2368	2536
2369	2766
2369	2492
2369	2922
2369	2370
2370	2769
2370	2592
2371	2821
2371	2515
2371	2808
2372	2504
2374	2689
2376	2718
2376	2895
2377	2658
2378	2754
2378	2793
2379	2487
2379	2623
2381	2386
2382	2562
2383	2818
2383	2442
2384	2788
2385	2477
2387	2480
2388	2683
2389	2963
2389	2559
2389	2978
2391	2644
2391	2552
2393	2459
2393	2433
2394	2960
2394	2959
2394	2751
2394	2617
2395	2995
2395	2730
2395	2457
2397	2469
2398	2681
2399	2598
2399	2931
2399	2524
2400	2456
2400	2847
2401	2467
2401	2528
2402	2409
2403	2722
2403	2632
2405	2478
2406	2608
2406	2568
2406	2414
2406	2486
2407	2744
2407	2605
2407	2603
2407	2439
2407	2457
2407	2472
2407	2571
2407	2878
2408	2412
2408	2629
2410	2926
2411	2671
2412	2459
2414	2608
2414	2568
2414	2486
2415	2627
2415	2529
2415	2546
2419	2797
2419	2791
2419	2624
2420	2479
2421	2460
2422	2560
2422	2748
2423	2748
2425	2897
2425	2511
2426	2427
2427	2441
2427	2868
2427	2613
2427	2780
2427	2612
2428	2654
2428	2775
2429	2585
2431	2665
2431	2516
2431	2453
2433	2459
2435	2561
2436	2653
2436	2651
2438	2813
2439	2744
2439	2605
2439	2603
2439	2457
2439	2472
2439	2571
2439	2878
2439	2507
2440	2853
2440	2855
2440	2470
2441	2868
2441	2613
2441	2780
2441	2612
2442	2818
2444	2474
2444	2932
2446	2576
2447	2874
2447	2880
2448	2450
2448	2575
2452	2778
2452	2476
2453	2665
2453	2516
2456	2847
2456	2536
2456	2835
2456	2714
2457	2744
2457	2605
2457	2603
2457	2472
2457	2571
2457	2878
2462	2684
2462	2949
2463	2552
2464	2840
2464	2508
2465	2763
2466	2541
2466	2714
2466	2910
2467	2848
2467	2850
2468	2995
2468	2652
2470	2857
2472	2744
2472	2605
2472	2603
2472	2571
2472	2878
2474	2932
2474	2925
2476	2778
2478	2712
2483	2620
2485	2953
2485	2945
2485	2952
2485	2951
2486	2608
2486	2568
2487	2973
2490	2977
2490	2976
2491	2912
2491	2911
2493	2597
2494	2499
2495	2711
2498	2905
2500	2859
2500	2626
2501	2582
2501	2917
2502	2514
2503	2813
2505	2515
2510	2898
2511	2667
2513	2610
2514	2926
2514	2572
2515	2815
2516	2665
2519	2675
2519	2820
2520	2594
2520	2884
2522	2688
2526	2870
2526	2713
2527	2681
2529	2627
2533	2749
2533	2534
2534	2749
2538	2575
2539	2545
2541	2714
2542	2786
2542	2745
2543	2871
2543	2728
2544	2849
2544	2735
2547	2625
2549	2819
2556	2756
2557	2923
2560	2748
2560	2742
2566	2690
2566	2834
2566	2586
2567	2936
2568	2608
2569	2914
2569	2740
2570	2936
2571	2744
2571	2605
2571	2603
2571	2878
2577	2881
2577	2594
2577	2777
2577	2884
2577	2883
2577	2885
2577	2662
2582	2917
2582	2882
2594	2884
2594	2881
2594	2777
2594	2883
2594	2885
2594	2662
2595	2921
2600	2918
2603	2744
2603	2605
2603	2878
2605	2744
2605	2878
2607	2732
2609	2860
2609	2771
2611	2783
2611	2867
2611	2774
2612	2868
2612	2613
2612	2780
2613	2780
2613	2783
2613	2868
2615	2960
2617	2961
2618	2992
2618	2994
2618	2993
2623	2975
2624	2791
2629	2637
2630	2716
2633	2634
2633	2637
2634	2706
2636	2697
2637	2708
2639	2641
2640	2827
2642	2799
2648	2830
2648	2649
2649	2829
2650	2761
2651	2984
2652	2995
2654	2768
2656	2998
2657	2721
2659	2980
2662	2881
2662	2777
2662	2884
2662	2883
2662	2885
2664	2954
2666	2893
2666	2900
2667	2899
2672	2953
2673	2887
2682	2886
2684	2949
2684	2939
2690	2834
2697	2876
2698	2906
2709	2710
2711	2805
2715	2802
2715	2803
2718	2719
2720	2903
2727	2904
2732	2851
2732	2738
2733	2915
2736	2778
2742	2748
2744	2878
2745	2804
2751	2959
2754	2793
2759	2968
2759	2970
2759	2972
2762	2967
2765	2772
2768	2775
2773	2886
2773	2888
2774	2783
2777	2881
2777	2884
2777	2883
2777	2885
2780	2868
2784	2920
2784	2919
2790	2820
2802	2803
2804	2825
2828	2830
2836	2843
2854	2971
2858	2865
2859	2860
2869	2898
2881	2884
2881	2883
2881	2885
2883	2884
2883	2885
2884	2885
2886	2888
2908	2910
2919	2920
2925	2932
2940	2942
2968	2970
2976	2977
2992	2994
2992	2993
2993	2994
2997	2999
2998	2999
3000	3047
3000	3053
3000	3132
3000	3003
3000	3585
3001	3099
3001	3084
3001	3300
3001	3307
3001	3214
3001	3034
3001	3193
3001	3023
3001	3220
3001	3011
3001	3701
3001	3871
3001	3399
3001	3208
3001	3026
3001	3060
3001	3009
3001	3870
3001	3562
3001	3299
3001	3209
3001	3703
3002	3025
3002	3083
3002	3006
3002	3271
3002	3256
3002	3222
3002	3711
3002	3144
3002	3015
3002	3038
3002	3047
3002	3347
3002	3259
3002	3085
3002	3028
3002	3090
3002	3535
3002	3387
3002	3710
3002	3176
3002	3213
3002	3181
3003	3118
3003	3004
3003	3575
3003	3669
3003	3080
3003	3341
3003	3171
3003	3012
3003	3064
3003	3395
3004	3543
3004	3226
3004	3253
3004	3047
3004	3404
3004	3074
3004	3422
3004	3415
3004	3260
3004	3516
3004	3165
3004	3902
3004	3089
3004	3119
3004	3523
3004	3043
3004	3133
3004	3261
3004	3072
3005	3093
3005	3160
3005	3070
3005	3014
3005	3420
3005	3393
3005	3524
3005	3053
3005	3314
3005	3873
3005	3560
3005	3399
3005	3111
3005	3600
3006	3222
3006	3241
3006	3025
3006	3096
3006	3085
3006	3266
3006	3535
3006	3529
3006	3176
3007	3017
3007	3024
3007	3097
3007	3035
3007	3063
3007	3367
3007	3076
3007	3371
3007	3137
3007	3581
3007	3036
3007	3023
3007	3400
3007	3388
3007	3263
3007	3008
3007	3094
3007	3853
3007	3364
3007	3320
3007	3070
3007	3060
3007	3237
3007	3221
3007	3199
3007	3481
3007	3049
3007	3190
3007	3760
3007	3351
3007	3524
3007	3673
3007	3607
3007	3299
3007	3212
3007	3128
3007	3574
3007	3107
3007	3365
3007	3757
3007	3044
3007	3751
3007	3662
3007	3985
3007	3589
3007	3098
3008	3045
3008	3009
3008	3277
3008	3054
3008	3109
3008	3219
3008	3060
3008	3049
3008	3044
3008	3033
3008	3141
3008	3225
3008	3145
3008	3251
3008	3204
3008	3221
3008	3163
3008	3335
3008	3407
3008	3982
3008	3070
3008	3167
3008	3320
3008	3063
3008	3023
3008	3034
3008	3214
3008	3183
3008	3190
3008	3438
3008	3761
3008	3680
3008	3279
3008	3016
3008	3371
3008	3848
3008	3505
3008	3685
3008	3364
3008	3973
3008	3053
3008	3750
3008	3714
3008	3898
3008	3753
3008	3294
3008	3350
3009	3093
3009	3045
3009	3011
3009	3023
3009	3034
3009	3399
3009	3357
3009	3268
3009	3192
3009	3040
3009	3180
3009	3569
3009	3675
3009	3870
3009	3701
3009	3209
3009	3220
3009	3193
3010	3217
3010	3914
3010	3239
3010	3293
3010	3048
3010	3111
3010	3124
3010	3195
3010	3860
3010	3715
3011	3055
3011	3746
3011	3095
3011	3084
3011	3675
3011	3034
3011	3424
3011	3128
3011	3519
3012	3403
3012	3047
3012	3258
3012	3338
3012	3139
3012	3601
3012	3395
3012	3064
3012	3260
3012	3026
3012	3643
3012	3341
3012	3669
3013	3067
3013	3124
3013	3142
3013	3633
3013	3106
3013	3125
3013	3122
3013	3228
3013	3161
3013	3742
3013	3233
3014	3160
3014	3447
3014	3336
3014	3402
3014	3343
3014	3049
3014	3680
3014	3070
3014	3797
3014	3385
3015	3341
3015	3111
3015	3144
3015	3067
3015	3173
3015	3679
3015	3555
3015	3511
3015	3891
3015	3038
3015	3090
3015	3048
3016	3386
3016	3963
3016	3218
3016	3097
3016	3285
3016	3077
3016	3219
3016	3031
3016	3397
3016	3033
3016	3548
3016	3869
3016	3018
3016	3230
3016	3543
3016	3091
3016	3060
3016	3568
3016	3811
3016	3707
3016	3104
3016	3242
3016	3049
3016	3738
3016	3180
3016	3194
3016	3739
3016	3936
3016	3425
3016	3448
3016	3212
3016	3407
3016	3044
3016	3163
3016	3973
3016	3878
3016	3881
3016	3178
3016	3671
3016	3344
3016	3400
3017	3024
3017	3097
3017	3035
3017	3063
3017	3895
3017	3137
3017	3070
3017	3494
3017	3036
3017	3388
3017	3094
3017	3481
3017	3221
3017	3237
3017	3853
3017	3199
3017	3364
3017	3320
3017	3060
3017	3760
3017	3263
3017	3607
3017	3367
3017	3371
3017	3351
3018	3057
3018	3468
3018	3077
3018	3066
3018	3594
3018	3869
3018	3285
3018	3386
3018	3060
3018	3568
3018	3199
3018	3237
3018	3314
3019	3287
3019	3169
3019	3139
3019	3877
3019	3874
3019	3255
3020	3036
3020	3120
3020	3037
3020	3469
3020	3322
3020	3228
3020	3514
3020	3468
3021	3158
3021	3186
3021	3057
3021	3087
3021	3201
3022	3184
3022	3356
3022	3358
3022	3508
3022	3112
3022	3149
3022	3074
3022	3625
3022	3357
3023	3045
3023	3034
3023	3357
3023	3268
3023	3350
3023	3193
3023	3065
3023	3101
3023	3400
3023	3049
3023	3053
3023	3163
3023	3204
3023	3141
3023	3033
3023	3109
3023	3192
3023	3180
3023	3870
3023	3562
3023	3299
3023	3084
3023	3701
3023	3209
3023	3220
3023	3093
3023	3800
3023	3077
3023	3314
3023	3218
3023	3951
3023	3179
3023	3335
3023	3054
3023	3848
3023	3575
3023	3695
3023	3802
3023	3388
3023	3318
3023	3461
3023	3858
3023	3397
3023	3371
3023	3899
3023	3779
3023	3898
3023	3892
3023	3145
3024	3097
3024	3035
3024	3063
3024	3761
3024	3049
3024	3094
3024	3137
3024	3853
3024	3364
3024	3320
3024	3070
3024	3060
3024	3760
3024	3263
3024	3607
3024	3388
3024	3351
3024	3107
3024	3524
3024	3044
3024	3985
3024	3751
3025	3083
3025	3047
3025	3090
3025	3038
3025	3347
3025	3181
3025	3710
3025	3213
3025	3222
3025	3259
3025	3164
3025	3144
3025	3085
3025	3535
3026	3577
3026	3108
3026	3099
3026	3138
3026	3051
3026	3052
3026	3915
3026	3652
3026	3433
3027	3131
3027	3473
3027	3382
3027	3029
3027	3037
3027	3094
3027	3061
3027	3065
3027	3733
3028	3144
3028	3336
3028	3038
3028	3090
3028	3085
3028	3724
3028	3036
3028	3821
3028	3195
3028	3114
3028	3167
3028	3817
3028	3128
3028	3404
3029	3184
3029	3175
3029	3364
3029	3158
3029	3225
3029	3101
3029	3096
3030	3059
3030	3189
3030	3168
3030	3075
3030	3231
3030	3082
3030	3042
3031	3104
3031	3404
3031	3242
3031	3049
3031	3340
3031	3397
3031	3109
3031	3097
3031	3285
3031	3033
3031	3137
3031	3858
3031	3354
3031	3254
3031	3918
3032	3070
3032	3162
3032	3094
3032	3288
3032	3183
3032	3200
3032	3297
3032	3364
3032	3815
3032	3574
3032	3457
3032	3178
3032	3405
3032	3370
3032	3847
3032	3326
3032	3361
3032	3747
3032	3765
3032	3766
3032	3868
3032	3397
3033	3044
3033	3145
3033	3054
3033	3251
3033	3141
3033	3109
3033	3204
3033	3221
3033	3163
3033	3335
3033	3407
3033	3982
3033	3063
3033	3070
3033	3097
3033	3285
3033	3049
3033	3060
3033	3077
3033	3180
3033	3194
3033	3739
3033	3936
3033	3219
3033	3448
3033	3214
3033	3371
3033	3848
3033	3505
3033	3685
3033	3364
3033	3973
3033	3294
3033	3053
3033	3898
3033	3753
3033	3958
3033	3466
3034	3093
3034	3045
3034	3268
3034	3193
3034	3084
3034	3350
3034	3569
3034	3192
3034	3701
3034	3871
3034	3399
3034	3180
3034	3675
3034	3870
3034	3562
3034	3299
3034	3209
3034	3220
3035	3097
3035	3063
3035	3662
3035	3367
3035	3371
3035	3137
3035	3388
3035	3263
3035	3094
3035	3853
3035	3364
3035	3320
3035	3070
3035	3060
3035	3351
3036	3273
3036	3120
3036	3076
3036	3581
3036	3289
3036	3388
3036	3263
3036	3365
3036	3367
3036	3757
3037	3382
3037	3094
3037	3131
3037	3996
3037	3611
3037	3274
3037	3997
3037	3998
3037	3061
3037	3473
3037	3418
3038	3083
3038	3047
3038	3090
3038	3347
3038	3181
3038	3213
3038	3710
3038	3222
3038	3259
3038	3164
3038	3055
3038	3144
3038	3615
3038	3614
3038	3394
3038	3177
3038	3598
3038	3280
3039	3049
3039	3252
3039	3592
3039	3440
3039	3952
3039	3064
3039	3077
3039	3218
3039	3500
3039	3321
3040	3197
3040	3085
3040	3094
3040	3061
3040	3131
3040	3475
3040	3192
3040	3434
3040	3586
3040	3051
3040	3052
3041	3844
3041	3719
3042	3168
3042	3376
3042	3206
3042	3059
3043	3075
3043	3059
3043	3188
3043	3364
3043	3379
3043	3523
3044	3060
3044	3145
3044	3054
3044	3407
3044	3163
3044	3982
3044	3080
3044	3067
3044	3372
3044	3237
3044	3109
3044	3070
3044	3049
3044	3183
3044	3438
3044	3761
3044	3569
3044	3126
3044	3750
3044	3204
3044	3141
3044	3214
3045	3399
3045	3357
3045	3192
3045	3569
3045	3870
3045	3193
3046	3116
3046	3089
3046	3186
3046	3792
3047	3083
3047	3090
3047	3403
3047	3229
3047	3404
3047	3213
3047	3181
3047	3710
3047	3347
3047	3144
3047	3259
3047	3222
3047	3615
3047	3614
3047	3394
3048	3085
3048	3293
3048	3238
3049	3349
3049	3275
3049	3126
3049	3761
3049	3063
3049	3054
3049	3053
3049	3060
3049	3070
3049	3277
3049	3311
3049	3532
3049	3190
3049	3219
3049	3109
3049	3603
3049	3081
3049	3080
3049	3145
3049	3569
3049	3279
3049	3163
3049	3077
3049	3738
3049	3097
3049	3214
3049	3848
3049	3575
3049	3695
3049	3802
3049	3461
3049	3858
3049	3397
3050	3366
3050	3409
3050	3637
3050	3882
3050	3169
3050	3305
3050	3432
3050	3368
3050	3313
3050	3155
3050	3205
3050	3836
3051	3061
3051	3052
3051	3702
3052	3061
3052	3702
3052	3290
3053	3340
3053	3344
3053	3529
3053	3074
3053	3218
3053	3111
3053	3806
3053	3114
3053	3320
3053	3448
3053	3802
3053	3575
3053	3695
3053	3107
3053	3163
3053	3204
3053	3141
3053	3335
3053	3054
3053	3109
3053	3848
3053	3461
3053	3858
3053	3397
3054	3109
3054	3219
3054	3060
3054	3141
3054	3145
3054	3251
3054	3204
3054	3982
3054	3070
3054	3190
3054	3680
3054	3279
3054	3214
3054	3335
3054	3163
3054	3750
3054	3714
3054	3294
3055	3786
3055	3293
3055	3580
3055	3213
3055	3177
3055	3337
3055	3465
3056	3762
3056	3903
3056	3327
3056	3692
3056	3899
3056	3758
3056	3068
3056	3229
3056	3125
3056	3687
3056	3161
3056	3491
3056	3270
3057	3533
3057	3654
3057	3375
3057	3186
3057	3156
3057	3516
3057	3913
3057	3282
3057	3927
3058	3360
3058	3950
3058	3635
3058	3100
3059	3189
3059	3561
3059	3157
3059	3168
3059	3315
3059	3206
3059	3188
3059	3608
3060	3145
3060	3109
3060	3219
3060	3070
3060	3251
3060	3167
3060	3320
3060	3349
3060	3275
3060	3126
3060	3214
3060	3163
3060	3532
3060	3277
3060	3137
3060	3285
3060	3386
3060	3568
3060	3311
3060	3063
3060	3099
3060	3371
3060	3505
3060	3685
3060	3141
3060	3407
3060	3750
3060	3204
3061	3702
3061	3094
3061	3131
3061	3382
3061	3377
3061	3997
3061	3998
3061	3990
3062	3509
3062	3910
3062	3327
3062	3545
3062	3551
3062	3278
3063	3761
3063	3070
3063	3097
3063	3094
3063	3364
3063	3671
3063	3294
3063	3354
3063	3251
3063	3221
3063	3926
3063	3660
3064	3125
3064	3182
3064	3395
3064	3260
3064	3252
3064	3756
3064	3341
3064	3669
3065	3101
3065	3074
3065	3733
3065	3245
3066	3173
3066	3304
3066	3152
3066	3129
3066	3199
3066	3314
3066	3865
3066	3456
3066	3237
3066	3683
3067	3154
3067	3081
3067	3663
3067	3372
3067	3237
3068	3641
3068	3327
3068	3762
3068	3491
3068	3270
3069	3166
3069	3223
3069	3092
3069	3410
3069	3182
3069	3731
3069	3957
3069	3502
3069	3501
3069	3269
3069	3568
3069	3940
3069	3942
3069	3833
3070	3160
3070	3137
3070	3494
3070	3128
3070	3314
3070	3753
3070	3107
3070	3199
3070	3671
3070	3294
3070	3080
3070	3461
3070	3340
3070	3190
3070	3145
3070	3335
3070	3204
3070	3141
3070	3163
3071	3207
3071	3086
3071	3185
3071	3088
3071	3262
3071	3151
3071	3105
3071	3150
3071	3089
3071	3628
3071	3509
3071	3617
3071	3492
3071	3147
3071	3718
3071	3723
3072	3197
3072	3422
3072	3074
3073	3281
3073	3250
3074	3258
3074	3261
3074	3422
3074	3415
3074	3260
3074	3197
3074	3625
3074	3101
3074	3566
3074	3378
3074	3526
3074	3601
3074	3338
3074	3357
3075	3195
3075	3103
3075	3593
3075	3912
3075	3523
3076	3367
3076	3581
3076	3698
3076	3757
3077	3468
3077	3097
3077	3285
3077	3219
3077	3738
3077	3180
3077	3194
3077	3739
3077	3936
3077	3425
3077	3448
3077	3218
3077	3252
3077	3314
3077	3951
3077	3179
3077	3466
3078	3944
3078	3316
3078	3904
3078	3168
3078	3356
3078	3358
3078	3276
3078	3102
3078	3434
3078	3304
3078	3406
3078	3401
3078	3454
3078	3647
3078	3700
3078	3301
3078	3417
3078	3522
3078	3893
3078	3416
3078	3905
3078	3588
3078	3586
3079	3240
3079	3510
3079	3743
3079	3099
3079	3725
3079	3717
3080	3118
3080	3277
3080	3532
3080	3126
3080	3861
3081	3103
3081	3156
3081	3578
3081	3450
3081	3417
3081	3681
3081	3301
3081	3603
3081	3311
3081	3275
3081	3126
3082	3157
3082	3315
3082	3497
3082	3740
3082	3537
3082	3471
3082	3331
3083	3090
3083	3710
3083	3181
3083	3213
3083	3222
3083	3347
3083	3259
3083	3144
3083	3535
3083	3711
3083	3387
3084	3300
3084	3099
3084	3353
3084	3870
3084	3562
3084	3299
3084	3208
3084	3307
3085	3144
3085	3222
3085	3271
3086	3185
3086	3088
3086	3147
3086	3138
3086	3105
3086	3207
3086	3150
3086	3110
3086	3127
3086	3264
3086	3541
3086	3290
3086	3841
3087	3172
3087	3444
3087	3419
3087	3564
3087	3746
3087	3437
3088	3147
3088	3262
3088	3151
3088	3150
3088	3105
3088	3264
3088	3089
3088	3628
3088	3509
3088	3185
3088	3617
3088	3492
3088	3207
3088	3718
3088	3723
3088	3127
3088	3541
3089	3150
3089	3105
3089	3628
3089	3509
3089	3552
3089	3098
3089	3984
3089	3383
3089	3983
3089	3988
3089	3793
3089	3954
3089	3117
3090	3181
3090	3213
3090	3710
3090	3144
3090	3222
3090	3615
3090	3614
3090	3394
3090	3347
3091	3726
3091	3359
3091	3548
3091	3963
3091	3230
3091	3543
3092	3166
3092	3223
3092	3182
3092	3731
3092	3957
3092	3502
3092	3501
3092	3269
3092	3568
3092	3940
3092	3664
3092	3942
3092	3833
3092	3819
3092	3821
3093	3309
3093	3128
3093	3524
3093	3560
3093	3314
3093	3268
3093	3562
3093	3299
3093	3800
3094	3131
3094	3382
3094	3815
3094	3297
3094	3200
3094	3097
3094	3137
3094	3853
3095	3330
3095	3236
3095	3196
3095	3325
3095	3421
3095	3706
3095	3638
3095	3727
3096	3101
3096	3225
3097	3285
3097	3219
3097	3137
3097	3853
3097	3364
3097	3104
3097	3242
3097	3397
3097	3738
3097	3180
3097	3194
3097	3739
3097	3936
3097	3425
3097	3448
3098	3424
3098	3552
3098	3589
3099	3300
3099	3307
3099	3214
3100	3935
3100	3410
3101	3225
3101	3159
3101	3260
3101	3197
3101	3625
3101	3643
3101	3741
3101	3245
3102	3633
3102	3217
3102	3259
3102	3561
3102	3666
3102	3612
3102	3265
3102	3130
3102	3981
3102	3979
3102	3308
3103	3593
3103	3188
3104	3404
3104	3242
3104	3397
3104	3285
3104	3273
3104	3342
3104	3114
3104	3607
3104	3539
3104	3673
3104	3320
3104	3167
3104	3574
3105	3150
3105	3495
3105	3628
3105	3509
3105	3185
3105	3462
3105	3207
3105	3541
3105	3655
3105	3264
3105	3110
3105	3726
3105	3148
3106	3308
3106	3330
3106	3142
3106	3633
3106	3503
3106	3619
3106	3919
3106	3917
3106	3279
3107	3294
3107	3141
3107	3603
3107	3252
3107	3448
3107	3802
3107	3575
3107	3695
3107	3351
3108	3394
3108	3549
3108	3584
3108	3310
3108	3615
3108	3927
3108	3928
3108	3930
3108	3126
3108	3275
3108	3311
3108	3254
3108	3436
3108	3283
3109	3340
3109	3145
3109	3219
3109	3251
3109	3141
3109	3204
3109	3163
3109	3680
3109	3214
3109	3407
3109	3848
3109	3575
3109	3695
3109	3802
3109	3335
3110	3127
3110	3264
3110	3185
3110	3841
3110	3726
3110	3148
3111	3351
3111	3331
3111	3217
3111	3393
3112	3334
3112	3168
3112	3149
3112	3508
3112	3816
3112	3262
3112	3723
3112	3151
3112	3378
3112	3635
3113	3876
3113	3173
3113	3565
3114	3167
3114	3806
3114	3320
3114	3440
3114	3673
3114	3273
3114	3342
3114	3607
3114	3539
3114	3221
3114	3574
3115	3459
3115	3585
3115	3234
3116	3396
3116	3785
3116	3186
3116	3792
3117	3121
3117	3980
3117	3398
3117	3392
3118	3171
3118	3861
3119	3584
3119	3498
3119	3427
3119	3752
3119	3490
3120	3260
3120	3591
3120	3883
3120	3688
3121	3531
3121	3383
3121	3658
3121	3545
3121	3628
3121	3509
3121	3980
3121	3713
3121	3995
3121	3983
3122	3687
3122	3123
3122	3686
3122	3142
3122	3296
3122	3503
3122	3139
3122	3228
3122	3377
3122	3124
3123	3519
3123	3687
3123	3602
3123	3272
3123	3612
3123	3308
3123	3686
3123	3296
3123	3403
3123	3758
3123	3907
3123	3901
3123	3762
3123	3903
3123	3327
3124	3327
3124	3296
3124	3837
3124	3146
3125	3161
3125	3730
3125	3173
3125	3737
3125	3650
3125	3142
3125	3736
3125	3742
3126	3311
3126	3349
3126	3275
3126	3277
3126	3532
3126	3603
3126	3426
3126	3945
3126	3299
3127	3148
3127	3449
3127	3264
3127	3541
3127	3841
3128	3309
3128	3314
3128	3753
3128	3404
3128	3428
3128	3319
3128	3519
3128	3436
3128	3184
3128	3482
3128	3817
3128	3574
3128	3263
3128	3677
3128	3722
3128	3636
3129	3513
3129	3859
3129	3196
3129	3453
3129	3606
3129	3872
3129	3856
3130	3274
3130	3994
3130	3594
3130	3612
3130	3979
3130	3981
3130	3265
3130	3217
3130	3272
3130	3308
3131	3473
3131	3382
3131	3418
3131	3998
3131	3708
3131	3997
3132	3827
3132	3820
3132	3943
3132	3429
3132	3156
3132	3186
3132	3153
3132	3665
3133	3138
3133	3712
3134	3554
3134	3348
3134	3474
3134	3616
3134	3986
3134	3987
3134	3475
3135	3374
3135	3216
3135	3403
3135	3694
3136	3610
3136	3697
3136	3559
3136	3478
3136	3477
3136	3412
3136	3783
3136	3884
3136	3885
3137	3494
3137	3371
3137	3367
3137	3263
3137	3760
3137	3242
3137	3858
3137	3397
3137	3607
3137	3388
3137	3524
3138	3146
3138	3147
3138	3755
3138	3257
3138	3977
3139	3246
3139	3810
3139	3169
3139	3175
3139	3485
3139	3855
3140	3184
3140	3235
3140	3441
3140	3869
3141	3251
3141	3204
3141	3221
3141	3163
3141	3335
3141	3407
3141	3212
3141	3214
3141	3505
3141	3685
3141	3371
3141	3294
3141	3518
3141	3908
3141	3776
3141	3476
3142	3633
3142	3161
3142	3742
3142	3233
3143	3876
3143	3238
3144	3271
3144	3462
3144	3724
3144	3222
3144	3213
3144	3181
3145	3163
3145	3569
3145	3214
3145	3371
3145	3505
3145	3685
3145	3898
3145	3753
3145	3204
3146	3147
3146	3296
3146	3755
3147	3151
3147	3262
3147	3207
3147	3617
3147	3492
3147	3718
3147	3723
3148	3726
3149	3795
3149	3508
3149	3816
3149	3262
3149	3723
3149	3151
3149	3378
3149	3635
3150	3495
3150	3628
3150	3509
3150	3207
3150	3655
3150	3541
3150	3185
3150	3462
3150	3264
3150	3449
3150	3577
3150	3838
3150	3960
3151	3262
3151	3718
3151	3492
3151	3185
3151	3617
3151	3207
3151	3723
3151	3508
3151	3816
3152	3199
3152	3314
3152	3865
3152	3456
3152	3237
3152	3683
3153	3363
3153	3162
3153	3791
3153	3875
3154	3600
3154	3790
3155	3882
3155	3409
3155	3169
3155	3366
3155	3637
3156	3665
3156	3943
3156	3429
3156	3186
3156	3538
3156	3174
3156	3175
3156	3598
3157	3331
3157	3315
3157	3497
3157	3740
3157	3471
3157	3537
3158	3408
3158	3201
3159	3888
3159	3322
3159	3595
3160	3336
3160	3343
3160	3797
3160	3402
3161	3650
3161	3736
3161	3742
3162	3824
3162	3887
3162	3791
3163	3251
3163	3221
3163	3204
3163	3335
3163	3407
3163	3214
3163	3371
3163	3848
3163	3505
3163	3685
3163	3575
3163	3695
3163	3802
3164	3430
3164	3645
3164	3203
3164	3931
3164	3767
3165	3902
3165	3253
3165	3226
3165	3316
3166	3223
3166	3182
3166	3731
3166	3957
3166	3502
3166	3501
3166	3269
3166	3568
3166	3940
3166	3664
3166	3821
3167	3251
3167	3320
3167	3440
3167	3673
3167	3273
3167	3342
3167	3574
3168	3334
3168	3287
3168	3304
3168	3804
3168	3970
3169	3305
3169	3525
3169	3368
3169	3313
3169	3366
3169	3409
3169	3432
3170	3274
3170	3235
3170	3418
3170	3798
3170	3864
3170	3526
3170	3572
3172	3444
3172	3437
3172	3419
3172	3564
3172	3746
3173	3730
3173	3737
3173	3565
3173	3650
3174	3231
3174	3538
3174	3175
3174	3292
3174	3301
3174	3803
3174	3682
3174	3177
3174	3429
3174	3597
3174	3627
3174	3558
3174	3605
3174	3464
3174	3534
3174	3839
3174	3463
3174	3413
3174	3458
3174	3334
3174	3721
3174	3955
3174	3499
3174	3653
3174	3582
3174	3959
3174	3528
3174	3953
3174	3640
3174	3720
3174	3644
3174	3279
3174	3563
3174	3835
3174	3666
3174	3507
3174	3933
3174	3939
3174	3732
3174	3934
3174	3561
3175	3538
3175	3177
3175	3429
3175	3597
3175	3627
3175	3558
3175	3605
3175	3464
3175	3653
3175	3458
3175	3334
3175	3534
3175	3721
3175	3955
3175	3839
3175	3413
3175	3499
3175	3582
3175	3959
3175	3463
3175	3720
3175	3644
3175	3528
3175	3279
3175	3292
3175	3563
3175	3835
3175	3231
3175	3666
3175	3507
3175	3934
3175	3561
3176	3241
3176	3222
3177	3337
3177	3538
3177	3429
3177	3597
3177	3627
3177	3558
3177	3605
3177	3464
3177	3653
3177	3458
3177	3334
3177	3534
3177	3721
3177	3955
3177	3839
3177	3413
3177	3499
3177	3582
3177	3959
3177	3463
3177	3720
3177	3644
3177	3528
3177	3279
3177	3292
3177	3563
3177	3835
3177	3231
3177	3934
3177	3561
3177	3507
3178	3457
3178	3297
3178	3815
3178	3867
3178	3671
3178	3344
3178	3400
3179	3932
3179	3180
3179	3247
3179	3657
3179	3374
3179	3734
3179	3941
3179	3451
3179	3182
3179	3938
3179	3569
3179	3738
3179	3314
3179	3218
3179	3951
3180	3932
3180	3247
3180	3657
3180	3374
3180	3734
3180	3941
3180	3451
3180	3357
3180	3399
3180	3285
3180	3194
3180	3739
3180	3936
3181	3213
3181	3710
3181	3222
3181	3615
3181	3614
3181	3394
3182	3731
3182	3957
3182	3502
3182	3940
3182	3269
3182	3247
3182	3938
3183	3349
3183	3613
3183	3438
3183	3761
3184	3436
3184	3319
3184	3404
3184	3482
3185	3462
3185	3495
3185	3207
3185	3262
3186	3943
3186	3429
3186	3598
3186	3793
3187	3409
3187	3735
3188	3206
3188	3544
3189	3512
3189	3920
3189	3709
3189	3608
3190	3813
3190	3303
3190	3677
3191	3460
3191	3648
3191	3317
3191	3840
3191	3672
3191	3842
3192	3350
3192	3569
3192	3452
3192	3399
3192	3299
3192	3526
3192	3210
3193	3701
3193	3871
3193	3399
3193	3350
3193	3209
3193	3220
3194	3285
3194	3739
3194	3936
3195	3442
3195	3584
3195	3860
3195	3715
3195	3267
3196	3706
3196	3727
3196	3414
3196	3606
3196	3638
3196	3859
3196	3513
3196	3453
3196	3421
3196	3325
3197	3625
3197	3202
3197	3566
3198	3992
3198	3671
3198	3239
3198	3294
3198	3756
3199	3788
3199	3237
3199	3314
3199	3456
3199	3480
3199	3481
3199	3221
3199	3446
3199	3248
3199	3494
3199	3680
3199	3763
3199	3320
3199	3865
3199	3683
3200	3288
3200	3297
3200	3364
3200	3815
3200	3574
3200	3326
3200	3397
3202	3416
3202	3586
3202	3434
3202	3803
3202	3969
3202	3801
3203	3767
3203	3931
3203	3645
3203	3430
3203	3215
3204	3251
3204	3335
3204	3407
3204	3214
3204	3848
3204	3371
3204	3505
3204	3364
3204	3685
3204	3898
3204	3753
3204	3294
3204	3958
3204	3466
3205	3432
3206	3544
3207	3655
3207	3541
3207	3449
3207	3617
3207	3492
3207	3262
3207	3718
3207	3723
3207	3577
3207	3838
3207	3264
3207	3960
3208	3703
3208	3307
3209	3367
3209	3701
3209	3220
3210	3385
3210	3344
3210	3303
3210	3526
3211	3565
3211	3410
3211	3616
3211	3971
3211	3445
3211	3795
3212	3251
3212	3221
3212	3299
3212	3518
3212	3908
3212	3776
3212	3476
3212	3524
3212	3696
3213	3710
3213	3222
3213	3615
3213	3614
3213	3394
3214	3371
3214	3848
3214	3505
3214	3685
3214	3364
3215	3244
3215	3439
3215	3345
3216	3573
3216	3764
3216	3694
3217	3633
3217	3272
3217	3308
3217	3612
3217	3979
3217	3981
3217	3265
3218	3340
3218	3252
3218	3314
3218	3951
3219	3285
3219	3707
3219	3811
3219	3738
3219	3425
3220	3701
3221	3251
3221	3481
3221	3237
3221	3480
3221	3518
3221	3908
3221	3776
3221	3476
3221	3354
3221	3926
3222	3241
3222	3347
3222	3259
3223	3269
3223	3501
3223	3942
3223	3664
3223	3833
3223	3819
3224	3623
3224	3854
3224	3852
3224	3380
3224	3626
3225	3643
3225	3857
3226	3253
3226	3771
3226	3902
3227	3470
3227	3966
3227	3312
3227	3576
3227	3435
3227	3467
3227	3975
3227	3306
3227	3295
3227	3333
3227	3536
3227	3441
3228	3323
3228	3469
3228	3514
3228	3468
3229	3337
3229	3905
3229	3621
3229	3503
3229	3296
3229	3633
3229	3837
3230	3548
3230	3543
3230	3705
3230	3963
3231	3558
3231	3406
3231	3528
3231	3464
3231	3534
3231	3839
3231	3463
3231	3413
3231	3334
3231	3458
3231	3720
3231	3721
3231	3644
3231	3538
3231	3279
3231	3292
3231	3563
3231	3835
3231	3653
3231	3499
3231	3605
3231	3666
3231	3429
3231	3597
3231	3507
3231	3934
3231	3561
3231	3953
3232	3450
3232	3257
3232	3445
3232	3700
3232	3647
3232	3814
3232	3579
3232	3287
3232	3676
3232	3629
3232	3631
3232	3972
3232	3301
3232	3578
3232	3681
3234	3472
3234	3511
3234	3862
3235	3274
3235	3302
3235	3572
3235	3798
3236	3348
3236	3319
3236	3550
3236	3309
3236	3428
3237	3788
3237	3314
3237	3320
3237	3481
3237	3480
3237	3372
3237	3865
3237	3456
3237	3683
3239	3914
3239	3992
3239	3671
3239	3294
3239	3716
3239	3956
3240	3510
3240	3725
3240	3717
3241	3381
3241	3624
3241	3431
3241	3964
3241	3808
3241	3812
3241	3728
3242	3354
3242	3918
3242	3397
3242	3285
3242	3858
3242	3289
3242	3254
3243	3702
3243	3729
3243	3401
3243	3454
3243	3304
3243	3805
3243	3406
3243	3682
3244	3345
3244	3630
3244	3439
3246	3284
3246	3504
3246	3249
3246	3250
3247	3657
3247	3734
3247	3941
3247	3451
3247	3938
3248	3446
3248	3287
3248	3504
3248	3481
3248	3480
3248	3494
3249	3250
3249	3504
3249	3284
3250	3504
3250	3284
3251	3320
3251	3518
3251	3908
3251	3776
3251	3335
3251	3476
3251	3354
3251	3926
3251	3524
3252	3756
3252	3346
3253	3771
3253	3902
3254	3283
3254	3436
3254	3354
3254	3918
3255	3324
3255	3775
3255	3684
3256	3622
3256	3573
3256	3845
3256	3749
3257	3445
3257	3700
3257	3647
3257	3814
3257	3579
3257	3287
3257	3676
3257	3629
3257	3631
3257	3972
3257	3301
3257	3450
3257	3578
3257	3681
3258	3261
3258	3689
3258	3442
3258	3260
3259	3347
3259	3280
3259	3561
3259	3666
3260	3422
3260	3415
3260	3319
3260	3395
3260	3261
3260	3688
3261	3422
3261	3601
3261	3338
3261	3415
3262	3718
3262	3492
3262	3617
3262	3723
3262	3508
3262	3816
3263	3388
3263	3367
3263	3760
3263	3574
3263	3524
3263	3351
3263	3365
3264	3449
3264	3541
3264	3577
3264	3838
3264	3655
3264	3960
3265	3612
3265	3979
3265	3981
3265	3272
3265	3308
3266	3489
3266	3594
3267	3315
3267	3715
3267	3860
3268	3493
3268	3675
3269	3731
3269	3940
3269	3957
3269	3502
3270	3283
3270	3762
3270	3491
3272	3633
3272	3308
3272	3612
3272	3979
3272	3981
3273	3342
3273	3607
3273	3539
3273	3673
3273	3320
3273	3574
3273	3806
3274	3611
3274	3572
3274	3798
3275	3349
3275	3277
3275	3311
3275	3532
3275	3603
3276	3356
3276	3358
3276	3522
3276	3893
3276	3416
3276	3434
3276	3905
3276	3588
3276	3417
3276	3586
3277	3349
3277	3311
3277	3532
3277	3323
3278	3509
3278	3545
3278	3551
3278	3910
3279	3534
3279	3334
3279	3458
3279	3720
3279	3721
3279	3644
3279	3538
3279	3528
3279	3292
3279	3413
3279	3464
3279	3558
3279	3563
3279	3835
3279	3653
3279	3499
3279	3463
3279	3605
3279	3666
3279	3429
3279	3597
3279	3507
3279	3934
3279	3561
3279	3503
3279	3330
3279	3619
3279	3919
3279	3917
3280	3939
3280	3933
3280	3656
3280	3948
3280	3563
3280	3944
3281	3784
3282	3333
3282	3976
3282	3536
3282	3974
3282	3678
3282	3441
3282	3467
3282	3533
3282	3927
3283	3773
3283	3436
3283	3924
3283	3789
3283	3355
3283	3774
3283	3496
3284	3504
3285	3386
3285	3568
3285	3811
3285	3707
3285	3397
3285	3739
3285	3936
3285	3425
3285	3738
3285	3448
3286	3599
3286	3759
3286	3787
3286	3591
3286	3453
3287	3445
3287	3647
3287	3814
3287	3579
3288	3326
3288	3457
3288	3405
3288	3370
3288	3847
3288	3297
3288	3747
3288	3868
3289	3748
3289	3396
3289	3354
3291	3571
3291	3485
3291	3807
3292	3301
3292	3720
3292	3970
3292	3534
3292	3334
3292	3458
3292	3721
3292	3644
3292	3538
3292	3528
3292	3413
3292	3464
3292	3558
3292	3563
3292	3835
3292	3653
3292	3499
3292	3463
3292	3605
3292	3666
3292	3429
3292	3597
3292	3507
3293	3786
3293	3580
3293	3324
3294	3992
3294	3671
3294	3407
3294	3335
3294	3716
3294	3390
3294	3956
3295	3312
3295	3333
3295	3536
3296	3503
3296	3837
3296	3491
3296	3633
3297	3457
3297	3815
3297	3747
3297	3326
3298	3407
3298	3466
3299	3562
3299	3399
3299	3800
3299	3372
3299	3870
3299	3426
3299	3945
3300	3353
3301	3417
3301	3450
3301	3578
3301	3681
3301	3579
3301	3972
3301	3629
3301	3631
3301	3676
3302	3616
3302	3612
3303	3385
3303	3813
3303	3677
3304	3647
3304	3434
3304	3804
3304	3522
3304	3971
3304	3967
3304	3563
3304	3401
3304	3454
3304	3632
3304	3406
3305	3368
3305	3313
3305	3411
3306	3576
3306	3312
3306	3467
3306	3975
3308	3633
3308	3612
3308	3979
3308	3981
3309	3319
3309	3550
3309	3428
3310	3584
3311	3349
3311	3532
3311	3603
3311	3881
3311	3420
3311	3400
3312	3441
3312	3974
3312	3470
3312	3966
3312	3576
3312	3467
3312	3975
3312	3333
3312	3536
3312	3435
3312	3510
3312	3540
3313	3634
3313	3380
3313	3368
3314	3524
3314	3388
3314	3367
3314	3753
3314	3456
3314	3320
3314	3763
3314	3951
3314	3865
3314	3683
3315	3497
3315	3740
3315	3608
3316	3904
3317	3900
3317	3648
3317	3840
3317	3672
3317	3842
3317	3460
3318	3782
3318	3757
3318	3951
3318	3391
3318	3388
3319	3404
3319	3428
3319	3550
3319	3436
3319	3482
3320	3806
3320	3763
3320	3342
3320	3673
3320	3574
3321	3592
3321	3500
3321	3952
3322	3866
3323	3573
3323	3622
3323	3863
3323	3527
3324	3785
3325	3329
3325	3414
3325	3421
3325	3706
3325	3638
3326	3405
3326	3370
3326	3770
3326	3769
3326	3768
3326	3851
3326	3759
3326	3897
3326	3868
3326	3847
3326	3361
3326	3747
3326	3457
3326	3397
3327	3762
3327	3903
3327	3686
3327	3687
3328	3856
3328	3493
3329	3414
3329	3890
3329	3824
3330	3595
3330	3503
3330	3619
3330	3919
3330	3917
3331	3471
3331	3537
3332	3825
3332	3590
3333	3536
3333	3678
3333	3467
3333	3435
3334	3458
3334	3534
3334	3721
3334	3538
3334	3955
3334	3429
3334	3839
3334	3413
3334	3597
3334	3464
3334	3499
3334	3653
3334	3558
3334	3582
3334	3605
3334	3959
3334	3463
3334	3528
3334	3640
3334	3720
3334	3644
3334	3563
3334	3835
3335	3407
3335	3958
3335	3466
3336	3402
3336	3447
3336	3343
3337	3905
3337	3621
3338	3601
3338	3643
3338	3422
3339	3580
3339	3652
3339	3659
3339	3433
3340	3461
3340	3562
3341	3669
3341	3395
3342	3607
3342	3539
3342	3673
3342	3574
3342	3806
3343	3402
3343	3680
3344	3867
3344	3671
3344	3400
3345	3630
3345	3439
3346	3756
3348	3986
3348	3556
3348	3602
3348	3557
3349	3532
3349	3613
3349	3603
3350	3569
3350	3982
3351	3388
3351	3524
3352	3712
3352	3752
3352	3583
3352	3923
3353	3506
3353	3691
3353	3596
3354	3918
3354	3660
3355	3789
3355	3924
3355	3774
3355	3773
3355	3496
3356	3358
3356	3522
3356	3893
3356	3416
3356	3434
3356	3905
3356	3588
3356	3417
3356	3586
3357	3625
3358	3522
3358	3893
3358	3416
3358	3434
3358	3905
3358	3588
3358	3417
3358	3586
3359	3726
3360	3949
3360	3423
3360	3950
3361	3857
3361	3747
3362	3836
3362	3818
3362	3520
3362	3427
3362	3849
3363	3506
3363	3875
3364	3379
3364	3371
3364	3505
3366	3409
3366	3637
3366	3368
3367	3388
3367	3371
3367	3581
3369	3759
3369	3895
3369	3897
3370	3405
3370	3768
3370	3770
3370	3769
3370	3457
3370	3847
3370	3868
3371	3505
3371	3685
3371	3848
3371	3388
3373	3947
3373	3642
3373	3823
3374	3403
3374	3932
3374	3657
3375	3533
3375	3654
3375	3551
3375	3531
3375	3516
3375	3913
3376	3733
3376	3618
3377	3990
3377	3702
3378	3465
3378	3635
3378	3508
3379	3455
3379	3620
3379	3909
3379	3914
3379	3630
3380	3626
3380	3634
3380	3459
3380	3852
3380	3623
3380	3846
3380	3832
3381	3431
3381	3812
3381	3724
3381	3728
3381	3808
3381	3624
3381	3965
3381	3964
3382	3473
3382	3998
3382	3708
3382	3997
3383	3531
3383	3551
3383	3545
3383	3628
3383	3509
3383	3984
3383	3983
3383	3988
3383	3793
3383	3954
3383	3929
3384	3518
3384	3776
3384	3796
3384	3667
3384	3567
3384	3843
3386	3548
3386	3568
3386	3811
3387	3789
3387	3921
3387	3535
3387	3711
3387	3710
3388	3524
3389	3609
3389	3790
3389	3888
3389	3690
3390	3992
3390	3716
3391	3604
3391	3782
3392	3398
3392	3484
3392	3479
3392	3483
3392	3552
3392	3925
3393	3772
3393	3696
3393	3873
3393	3560
3394	3549
3394	3615
3394	3500
3394	3614
3395	3669
3396	3748
3397	3858
3397	3461
3398	3954
3398	3484
3398	3479
3398	3483
3398	3552
3398	3925
3399	3701
3399	3871
3399	3562
3399	3800
3400	3881
3400	3420
3400	3671
3401	3406
3401	3454
3401	3647
3401	3700
3401	3644
3401	3682
3401	3805
3401	3632
3402	3447
3403	3758
3404	3428
3404	3436
3404	3482
3404	3817
3405	3768
3405	3770
3405	3457
3405	3847
3405	3868
3406	3558
3406	3454
3406	3647
3406	3700
3406	3632
3406	3805
3406	3682
3407	3973
3407	3466
3408	3854
3408	3443
3409	3637
3409	3882
3410	3935
3411	3438
3411	3517
3412	3498
3412	3697
3412	3559
3412	3610
3412	3478
3412	3477
3412	3783
3412	3699
3412	3884
3413	3534
3413	3839
3413	3463
3413	3464
3413	3458
3413	3721
3413	3538
3413	3955
3413	3429
3413	3597
3413	3499
3413	3653
3413	3558
3413	3582
3413	3605
3413	3959
3413	3528
3413	3953
3413	3640
3413	3720
3413	3644
3413	3563
3413	3835
3413	3666
3413	3507
3413	3933
3413	3939
3413	3732
3413	3934
3413	3561
3414	3706
3414	3727
3414	3824
3414	3421
3415	3422
3415	3611
3415	3978
3416	3522
3416	3893
3416	3586
3416	3434
3416	3803
3416	3969
3416	3801
3416	3905
3416	3588
3416	3417
3417	3450
3417	3578
3417	3681
3417	3434
3417	3905
3417	3588
3417	3586
3418	3473
3418	3996
3419	3444
3420	3881
3421	3606
3421	3706
3421	3638
3421	3727
3422	3526
3422	3601
3423	3828
3423	3661
3423	3949
3424	3522
3424	3894
3425	3704
3425	3553
3425	3521
3425	3452
3425	3546
3426	3487
3426	3945
3427	3520
3428	3482
3428	3519
3428	3917
3428	3550
3428	3779
3428	3693
3429	3943
3429	3538
3429	3597
3429	3627
3429	3558
3429	3605
3429	3464
3429	3458
3429	3534
3429	3721
3429	3955
3429	3839
3429	3499
3429	3653
3429	3582
3429	3959
3429	3463
3429	3666
3429	3720
3429	3644
3429	3563
3429	3835
3429	3507
3429	3528
3429	3933
3429	3939
3429	3732
3429	3934
3429	3561
3429	3953
3430	3645
3430	3487
3430	3931
3430	3767
3431	3624
3431	3724
3431	3812
3431	3728
3431	3808
3431	3964
3433	3652
3433	3659
3433	3646
3433	3915
3434	3804
3434	3522
3434	3971
3434	3967
3434	3563
3434	3586
3434	3803
3434	3969
3434	3801
3434	3905
3434	3588
3435	3536
3436	3482
3437	3746
3437	3444
3437	3564
3438	3517
3438	3889
3438	3641
3438	3761
3440	3592
3440	3663
3441	3678
3441	3540
3441	3974
3441	3510
3442	3689
3443	3674
3443	3668
3443	3906
3443	3670
3443	3896
3443	3634
3444	3746
3444	3564
3445	3700
3445	3647
3445	3814
3445	3579
3445	3971
3445	3795
3445	3676
3445	3629
3445	3631
3446	3481
3446	3480
3446	3494
3448	3738
3448	3802
3448	3575
3448	3695
3449	3541
3449	3655
3450	3578
3450	3681
3450	3579
3450	3972
3450	3629
3450	3631
3450	3676
3451	3657
3451	3734
3451	3941
3452	3546
3452	3553
3452	3521
3452	3794
3452	3962
3453	3859
3453	3513
3453	3606
3453	3886
3454	3647
3454	3700
3454	3644
3455	3620
3455	3909
3455	3914
3455	3630
3456	3865
3456	3683
3457	3815
3457	3747
3457	3868
3458	3534
3458	3721
3458	3538
3458	3955
3458	3839
3458	3597
3458	3464
3458	3499
3458	3653
3458	3558
3458	3582
3458	3605
3458	3959
3458	3463
3458	3528
3458	3640
3458	3720
3458	3644
3458	3563
3458	3835
3458	3666
3458	3933
3458	3939
3458	3732
3458	3934
3458	3561
3458	3507
3458	3953
3459	3719
3460	3840
3460	3672
3460	3842
3460	3648
3461	3858
3462	3495
3462	3960
3463	3534
3463	3839
3463	3464
3463	3721
3463	3538
3463	3955
3463	3597
3463	3499
3463	3653
3463	3558
3463	3582
3463	3605
3463	3959
3463	3528
3463	3953
3463	3720
3463	3644
3463	3563
3463	3835
3463	3666
3463	3933
3463	3939
3463	3732
3463	3934
3463	3561
3463	3507
3464	3528
3464	3538
3464	3597
3464	3627
3464	3558
3464	3605
3464	3534
3464	3839
3464	3721
3464	3955
3464	3499
3464	3653
3464	3582
3464	3959
3464	3720
3464	3644
3464	3563
3464	3835
3464	3666
3464	3507
3464	3934
3464	3561
3465	3786
3466	3958
3467	3536
3467	3678
3467	3576
3467	3975
3468	3469
3468	3514
3469	3844
3469	3514
3470	3966
3470	3576
3471	3537
3472	3555
3472	3679
3472	3511
3472	3862
3473	3996
3473	3998
3473	3708
3473	3997
3474	3554
3474	3616
3474	3987
3474	3475
3475	3987
3475	3554
3476	3518
3476	3908
3477	3697
3477	3559
3477	3610
3477	3478
3477	3783
3478	3697
3478	3559
3478	3610
3478	3783
3479	3929
3479	3483
3479	3484
3479	3552
3479	3925
3480	3481
3480	3494
3481	3494
3481	3788
3482	3693
3482	3519
3482	3817
3482	3779
3483	3484
3483	3552
3483	3925
3484	3552
3484	3925
3485	3571
3485	3807
3485	3855
3485	3568
3486	3777
3486	3991
3488	3781
3488	3639
3489	3777
3489	3989
3490	3498
3491	3762
3492	3718
3492	3617
3492	3723
3494	3887
3494	3788
3496	3789
3496	3924
3496	3774
3496	3773
3497	3740
3499	3534
3499	3721
3499	3538
3499	3955
3499	3839
3499	3597
3499	3653
3499	3558
3499	3582
3499	3605
3499	3959
3499	3528
3499	3640
3499	3720
3499	3644
3499	3563
3499	3835
3499	3666
3499	3507
3499	3953
3500	3615
3500	3614
3500	3592
3500	3952
3501	3942
3501	3833
3501	3819
3502	3731
3502	3957
3502	3940
3503	3619
3503	3919
3503	3917
3503	3633
3503	3837
3505	3685
3506	3691
3506	3596
3507	3588
3507	3972
3507	3666
3507	3534
3507	3720
3507	3644
3507	3563
3507	3597
3507	3653
3507	3605
3507	3835
3507	3558
3507	3934
3507	3538
3507	3561
3507	3528
3508	3816
3508	3723
3509	3628
3509	3910
3509	3545
3509	3551
3510	3725
3510	3717
3510	3540
3511	3679
3511	3555
3511	3891
3511	3850
3511	3862
3512	3583
3512	3922
3512	3920
3512	3709
3513	3859
3515	3886
3515	3890
3516	3533
3516	3654
3516	3913
3517	3889
3517	3641
3518	3776
3518	3796
3518	3908
3519	3687
3519	3779
3519	3693
3520	3849
3521	3704
3521	3553
3521	3546
3521	3794
3521	3962
3522	3804
3522	3971
3522	3967
3522	3893
3522	3894
3524	3673
3524	3607
3524	3763
3525	3672
3525	3842
3526	3864
3526	3651
3527	3580
3527	3916
3527	3573
3527	3622
3527	3863
3528	3534
3528	3953
3528	3582
3528	3640
3528	3720
3528	3721
3528	3644
3528	3538
3528	3558
3528	3563
3528	3835
3528	3653
3528	3605
3528	3666
3528	3933
3528	3939
3528	3732
3528	3934
3528	3561
3529	3748
3529	3946
3530	3590
3530	3587
3531	3551
3531	3654
3531	3533
3531	3545
3531	3658
3532	3667
3533	3654
3533	3551
3533	3913
3533	3927
3534	3839
3534	3721
3534	3538
3534	3955
3534	3597
3534	3653
3534	3558
3534	3582
3534	3605
3534	3959
3534	3953
3534	3720
3534	3644
3534	3563
3534	3835
3534	3666
3534	3934
3534	3561
3535	3711
3535	3710
3536	3678
3538	3597
3538	3627
3538	3558
3538	3605
3538	3721
3538	3955
3538	3839
3538	3653
3538	3582
3538	3959
3538	3720
3538	3644
3538	3563
3538	3835
3538	3934
3538	3561
3541	3655
3541	3577
3541	3838
3541	3960
3542	3745
3542	3744
3542	3729
3542	3754
3542	3547
3543	3548
3543	3963
3545	3551
3545	3658
3545	3628
3545	3910
3545	3911
3546	3553
3546	3794
3546	3962
3547	3744
3547	3977
3547	3754
3548	3705
3548	3963
3549	3615
3549	3927
3549	3928
3549	3930
3551	3654
3551	3910
3552	3721
3552	3925
3553	3704
3553	3794
3553	3962
3554	3987
3555	3679
3555	3891
3555	3850
3556	3557
3556	3602
3557	3602
3557	3986
3558	3597
3558	3627
3558	3605
3558	3721
3558	3955
3558	3839
3558	3653
3558	3582
3558	3959
3558	3720
3558	3644
3558	3563
3558	3835
3558	3666
3558	3934
3558	3561
3559	3697
3559	3610
3559	3783
3560	3600
3560	3772
3560	3696
3561	3666
3561	3934
3561	3720
3561	3644
3561	3563
3561	3653
3561	3835
3562	3800
3562	3870
3563	3939
3563	3933
3563	3656
3563	3948
3563	3944
3563	3720
3563	3721
3563	3644
3563	3835
3563	3653
3563	3605
3563	3666
3563	3597
3563	3934
3564	3968
3564	3746
3566	3625
3567	3796
3567	3843
3568	3571
3569	3738
3570	3825
3570	3826
3570	3642
3571	3807
3572	3798
3573	3764
3573	3622
3573	3863
3573	3845
3573	3749
3574	3677
3574	3673
3574	3806
3575	3802
3575	3695
3575	3848
3576	3975
3577	3838
3577	3655
3577	3960
3578	3681
3578	3579
3578	3972
3578	3629
3578	3631
3578	3676
3579	3647
3579	3814
3579	3676
3579	3629
3579	3631
3579	3972
3579	3681
3580	3947
3580	3916
3581	3698
3582	3721
3582	3955
3582	3839
3582	3597
3582	3653
3582	3605
3582	3959
3582	3640
3582	3666
3582	3933
3582	3939
3582	3732
3583	3922
3586	3803
3586	3969
3586	3801
3586	3905
3586	3588
3587	3820
3588	3905
3589	3662
3591	3883
3591	3787
3591	3599
3592	3952
3593	3912
3594	3994
3595	3689
3596	3691
3597	3627
3597	3605
3597	3721
3597	3955
3597	3839
3597	3653
3597	3959
3597	3666
3597	3720
3597	3644
3597	3835
3597	3953
3599	3759
3599	3787
3602	3986
3604	3775
3605	3627
3605	3653
3605	3721
3605	3955
3605	3839
3605	3959
3605	3720
3605	3644
3605	3835
3605	3666
3606	3859
3607	3763
3609	3790
3609	3690
3610	3697
3610	3783
3611	3978
3612	3979
3612	3981
3612	3616
3614	3615
3615	3927
3615	3928
3615	3930
3617	3718
3617	3723
3618	3733
3619	3919
3619	3917
3620	3909
3620	3914
3622	3863
3622	3845
3622	3749
3623	3854
3623	3852
3623	3626
3623	3846
3623	3832
3624	3724
3624	3964
3624	3808
3624	3728
3626	3852
3626	3846
3626	3832
3627	3628
3629	3676
3629	3631
3629	3972
3629	3681
3631	3676
3631	3972
3631	3681
3632	3682
3633	3837
3634	3896
3636	3722
3638	3706
3639	3809
3639	3961
3641	3889
3642	3825
3642	3826
3642	3823
3644	3720
3644	3721
3644	3835
3644	3653
3644	3666
3644	3934
3645	3931
3645	3767
3646	3652
3646	3659
3647	3700
3647	3814
3648	3840
3648	3672
3648	3842
3649	3729
3649	3743
3650	3737
3650	3736
3650	3730
3651	3864
3652	3659
3652	3915
3653	3721
3653	3955
3653	3839
3653	3959
3653	3720
3653	3835
3653	3666
3653	3934
3654	3913
3655	3838
3655	3960
3656	3939
3656	3933
3656	3948
3656	3944
3656	3831
3656	3834
3656	3829
3656	3822
3656	3830
3656	3828
3657	3932
3657	3734
3657	3941
3661	3828
3662	3751
3664	3821
3665	3943
3666	3720
3666	3835
3666	3933
3666	3939
3666	3732
3666	3839
3666	3953
3667	3796
3668	3674
3668	3906
3668	3670
3668	3896
3670	3674
3670	3906
3670	3896
3671	3992
3671	3867
3672	3842
3672	3840
3674	3906
3674	3880
3674	3900
3676	3972
3676	3681
3677	3813
3677	3722
3677	3799
3678	3974
3678	3976
3679	3891
3681	3972
3682	3803
3682	3805
3683	3865
3684	3775
3686	3762
3686	3903
3686	3687
3687	3762
3687	3903
3692	3899
3692	3810
3693	3779
3695	3802
3695	3848
3696	3772
3696	3873
3697	3783
3697	3784
3699	3885
3699	3884
3699	3783
3701	3871
3702	3990
3704	3778
3706	3727
3707	3811
3708	3998
3708	3997
3709	3920
3710	3711
3713	3780
3713	3999
3714	3750
3715	3860
3716	3992
3716	3956
3717	3725
3718	3723
3720	3721
3720	3835
3720	3934
3721	3795
3721	3955
3721	3839
3721	3959
3721	3835
3722	3799
3722	3813
3723	3816
3724	3812
3724	3728
3728	3812
3728	3808
3730	3737
3731	3957
3731	3940
3732	3933
3732	3939
3734	3937
3734	3941
3735	3741
3736	3737
3739	3936
3744	3745
3745	3754
3747	3765
3747	3766
3748	3946
3749	3845
3749	3863
3751	3985
3753	3898
3759	3895
3759	3897
3759	3851
3759	3768
3759	3868
3762	3903
3763	3878
3763	3879
3765	3766
3767	3931
3768	3769
3768	3851
3768	3897
3768	3868
3769	3770
3769	3851
3771	3877
3772	3873
3773	3789
3773	3924
3773	3774
3774	3789
3774	3924
3776	3796
3776	3908
3777	3991
3777	3989
3778	3991
3778	3993
3779	3899
3779	3898
3779	3892
3780	3781
3780	3999
3783	3884
3788	3887
3789	3921
3789	3924
3794	3962
3795	3971
3796	3843
3801	3803
3801	3969
3802	3848
3803	3969
3804	3971
3804	3967
3804	3970
3808	3812
3809	3961
3809	3965
3818	3836
3819	3833
3819	3942
3820	3827
3822	3831
3822	3834
3822	3829
3822	3830
3822	3828
3825	3826
3828	3829
3828	3830
3828	3834
3828	3831
3829	3831
3829	3834
3829	3830
3830	3831
3830	3834
3831	3834
3832	3846
3833	3942
3835	3934
3838	3960
3839	3955
3839	3959
3839	3953
3840	3842
3846	3852
3851	3897
3851	3868
3856	3872
3866	3871
3868	3897
3874	3877
3878	3879
3878	3881
3880	3900
3892	3899
3892	3898
3895	3897
3898	3899
3901	3907
3917	3919
3927	3928
3927	3930
3928	3930
3933	3939
3933	3948
3933	3944
3937	3941
3939	3948
3939	3944
3940	3957
3944	3948
3954	3984
3955	3959
3966	3968
3966	3975
3967	3971
3968	3975
3974	3976
3979	3981
3980	3995
3980	3983
3983	3984
3983	3988
3983	3995
3984	3988
3991	3993
3997	3998
45 1786
832 1344
300 1866
577 1145
156 3066
608 3445
89 3166
722 3699
299 3080
1524 2691
1180 2189
1831 2346
1991 2837
1058 2572
2170 3709
2845 3265
2590 3199
2386 3562
2286 3471
487 2577
722 2182
243 2664
712 2967
1890 3181
1049 3568
1690 3885
1910 3347
